BJD FluxNorm FluxNormErr Airmass FWHM_TL SkyBg
2460900.77060185 0.8957842 0.07949569 1.97464 2.5497 16394.129
2460900.77082176 0.856406 0.08024432 1.98366 2.5976 16326.173
2460900.77096065 0.99625605 0.08166296 1.98107 2.5876 16315.69
2460900.77111111 0.9650508 0.08155396 1.97848 2.6326 16309.934
2460900.77126157 0.89287895 0.07950497 1.97591 2.593 16277.302
2460900.77141204 0.9821733 0.08137454 1.97333 2.5889 16254.695
2460900.7715625 0.90807444 0.07898102 1.97077 2.6457 16221.409
2460900.77171296 0.8887097 0.07903507 1.96823 2.5932 16213.892
2460900.77185185 0.88353634 0.07844316 1.96569 2.5769 16213.396
2460900.77200231 0.90558666 0.07879782 1.96316 2.5928 16182.922
2460900.77215278 0.93770474 0.07846926 1.96065 2.6815 16164.791
2460900.77230324 0.9064121 0.07746557 1.95813 2.6431 16163.76
2460900.7724537 0.996735 0.07943039 1.95561 2.6102 16150.321
2460900.77260417 0.9518012 0.07818682 1.95313 2.5201 16122.538
2460900.77274306 0.96951395 0.07884308 1.95064 2.5291 16135.104
2460900.77289352 0.96001685 0.07818032 1.94816 2.5025 16139.938
2460900.77304398 0.94182676 0.07827343 1.94566 2.6102 16110.769
2460900.77319444 0.9253635 0.07814491 1.94319 2.6576 16126.104
2460900.77334491 0.9545014 0.07729812 1.94074 2.5304 16100.19
2460900.77349537 0.8477956 0.07775654 1.9383 2.5734 16085.909
2460900.77364583 0.910511 0.07804423 1.93586 2.628 16076.704
2460900.77378472 1.0316556 0.07756586 1.93345 2.6439 16038.83
2460900.77393519 0.97680306 0.07700054 1.93102 2.6187 16022.614
2460900.77408565 0.9700935 0.07823822 1.92861 2.6023 16019.481
2460900.77423611 0.80992687 0.07580389 1.92621 2.602 15958.224
2460900.77438657 0.92996895 0.07673035 1.9238 2.6138 15970.908
2460900.77453704 0.99873424 0.07706164 1.92143 2.5942 15948.711
2460900.77467593 0.93219125 0.07658666 1.91904 2.575 15936.408
2460900.77482639 0.8054693 0.07468075 1.91667 2.5571 15928.916
2460900.77497685 0.99368453 0.0757848 1.91429 2.5981 15905.251
2460900.77512731 0.85433584 0.07481759 1.91193 2.6737 15913.917
2460900.77527778 0.93574554 0.07562513 1.90954 2.6912 15899.1
2460900.77542824 0.9161349 0.07593293 1.90718 2.7213 15896.322
2460900.7755787 0.8817923 0.07503178 1.90485 2.6579 15851.952
2460900.77572917 0.95521176 0.07542401 1.90253 2.7464 15865.186
2460900.77586806 0.97236687 0.07464883 1.90019 2.6313 15847.876
2460900.77601852 0.97574854 0.07459907 1.89788 2.6575 15796.82
2460900.77616898 0.9324934 0.07464881 1.89558 2.6338 15771.903
2460900.77631944 0.91946495 0.07359545 1.89326 2.4104 15743.881
2460900.77646991 0.9620231 0.07478042 1.89098 2.6481 15723.766
2460900.77662037 0.9600497 0.07404274 1.88869 2.5984 15712.389
2460900.77677083 0.9771881 0.0753075 1.88642 2.696 15680.853
2460900.77690972 0.9124369 0.0723811 1.88416 2.6403 15646.729
2460900.77706019 0.8957835 0.0733632 1.88189 2.434 15641.368
2460900.77721065 1.000761 0.07384726 1.87963 2.6088 15617.952
2460900.77736111 0.815022 0.07252243 1.87738 2.3892 15587.489
2460900.77751157 0.9292665 0.07301233 1.87509 2.3135 15614.477
2460900.77766204 0.8775359 0.071997 1.87284 2.6543 15573.954
2460900.7778125 0.88445145 0.07236954 1.87061 2.618 15546.22
2460900.77796296 0.89833355 0.07175972 1.8684 2.6432 15546.242
2460900.77810185 0.88888276 0.0714577 1.86618 2.4639 15530.342
2460900.77825231 0.8967687 0.07306905 1.86398 2.6762 15485.605
2460900.77840278 0.95517087 0.07366908 1.86176 2.5634 15473.832
2460900.77855324 1.0300413 0.0725844 1.85957 2.6534 15448.182
2460900.7787037 1.0092313 0.07310229 1.85738 2.755 15432.676
2460900.77885417 0.9264364 0.07253224 1.85521 2.6247 15411.021
2460900.77899306 0.93032897 0.07101449 1.85303 2.5924 15389.515
2460900.77914352 1.0313054 0.07182083 1.85087 2.6498 15346.919
2460900.77929398 0.8091723 0.06983924 1.84871 2.5725 15370.194
2460900.77944444 0.8403931 0.06950855 1.84655 2.4975 15368.639
2460900.77959491 1.0229357 0.071991 1.8444 2.5827 15368.428
2460900.77974537 0.8071637 0.0693559 1.84223 2.6493 15364.763
2460900.77989583 1.0152425 0.07227994 1.84009 2.5253 15362.877
2460900.7800463 1.0710132 0.0724128 1.83797 2.5801 15362.206
2460900.78019676 1.0525553 0.07252594 1.83584 2.5829 15328.475
2460900.78033565 0.93448955 0.07098606 1.83373 2.6983 15318.305
2460900.78048611 0.9578937 0.07033777 1.83162 2.6245 15318.261
2460900.78063657 0.97403777 0.07045741 1.82951 2.5915 15303.658
2460900.78078704 0.83389086 0.06899007 1.82742 2.6022 15298.895
2460900.7809375 0.8306757 0.06855677 1.82533 2.4463 15272.738
2460900.78108796 0.896101 0.06954586 1.82327 2.6716 15251.952
2460900.78122685 0.91095126 0.07015572 1.82119 2.6992 15258.593
2460900.78137731 0.91119176 0.06974904 1.81912 2.4211 15240.439
2460900.78152778 0.84713817 0.06894647 1.81707 2.5934 15252.952
2460900.78167824 0.88390404 0.06983859 1.815 2.5835 15235.02
2460900.7818287 0.9252407 0.06919862 1.81296 2.6724 15250.264
2460900.78197917 0.8727701 0.06879369 1.8109 2.628 15226.185
2460900.78212963 0.86007637 0.06915827 1.80885 2.6016 15235.733
2460900.78228009 0.8819135 0.06910074 1.80682 2.5517 15235.267
2460900.78241898 0.80060905 0.06769774 1.80481 2.5535 15244.972
2460900.78256944 0.78187895 0.06706525 1.8028 2.7087 15235.008
2460900.78271991 0.85745054 0.06825537 1.80077 2.4227 15241.43
2460900.78287037 0.9610978 0.06898409 1.79878 2.6581 15218.611
2460900.78302083 0.8404239 0.06870651 1.79677 2.5383 15191.623
2460900.7831713 0.8733065 0.06746925 1.79479 2.522 15195.535
2460900.78331019 0.86900973 0.06748232 1.79279 2.5502 15159.858
2460900.78346065 0.9723669 0.06859506 1.7908 2.6527 15137.723
2460900.78361111 0.9013712 0.06789081 1.78884 2.572 15112.4
2460900.78376157 0.87694085 0.06815328 1.78687 2.5696 15069.786
2460900.78391204 0.9107134 0.06824447 1.78489 2.461 15057.196
2460900.7840625 0.8918252 0.06743861 1.78294 2.7759 15041.304
2460900.78421296 0.9148885 0.06725196 1.78096 2.5369 15005.456
2460900.78436343 0.7846062 0.06634296 1.77901 2.5569 15014.409
2460900.78450231 0.86325854 0.06652779 1.77707 2.6623 15003.323
2460900.78465278 0.99996215 0.06762497 1.77515 2.5425 14989.462
2460900.78480324 0.822728 0.0659785 1.77323 2.4931 14977.638
2460900.7849537 0.9459829 0.06679095 1.7713 2.6177 14979.226
2460900.78510417 0.8518967 0.0664793 1.76939 2.5363 14971.237
2460900.78525463 0.9963495 0.06776957 1.76747 2.6661 14947.623
2460900.78540509 0.9916559 0.06693496 1.76558 2.3695 14909.595
2460900.78554398 0.8310441 0.06535491 1.76368 2.5773 14925.957
2460900.78569444 1.0050023 0.06739137 1.76179 2.525 14918.604
2460900.78584491 0.88705224 0.0654533 1.7599 2.7527 14904.122
2460900.78599537 0.97463185 0.06663874 1.75801 2.6397 14880.759
2460900.78614583 0.91972244 0.06635869 1.75614 2.468 14849.191
2460900.7862963 0.8904053 0.06581616 1.75427 2.445 14858.459
2460900.78644676 1.0317672 0.06612291 1.75237 2.4862 14824.882
2460900.78659722 0.8366385 0.06397842 1.75052 2.5167 14830.823
2460900.78673611 0.85383886 0.06500502 1.74866 2.6578 14801.183
2460900.78688657 0.87727106 0.06498595 1.74682 2.7472 14800.519
2460900.78703704 0.9615562 0.06584547 1.74498 2.5759 14789.556
2460900.7871875 0.85627085 0.06413229 1.74314 2.5715 14777.439
2460900.78733796 0.94233906 0.06563162 1.7413 2.5664 14768.06
2460900.78748843 0.8279058 0.06428581 1.73948 2.56 14748.157
2460900.78763889 0.8910108 0.06401427 1.73766 2.5327 14735.259
2460900.78777778 0.8689587 0.06401701 1.73584 2.636 14717.845
2460900.78792824 0.9105232 0.06470229 1.73403 2.707 14726.753
2460900.7880787 0.9088881 0.06387532 1.73223 2.6057 14713.771
2460900.78822917 0.7989117 0.06341878 1.73044 2.6472 14693.632
2460900.78837963 0.81254 0.06368153 1.72865 2.5317 14698.39
2460900.78853009 0.8223142 0.06349869 1.72685 2.5242 14678.535
2460900.78868056 0.9765942 0.06404501 1.72504 2.6135 14639.814
2460900.78884259 0.88414854 0.06360716 1.72301 2.5674 14630.133
2460900.78899306 0.8963965 0.06368993 1.72124 2.7984 14615.701
2460900.78914352 0.8794324 0.06304064 1.71948 2.42 14598.132
2460900.78929398 0.9431807 0.06334747 1.71772 2.733 14579.708
2460900.78944444 0.962198 0.06368654 1.71596 2.5333 14567.175
2460900.78959491 0.7732093 0.06276878 1.71421 2.6145 14572.672
2460900.78974537 0.87297994 0.0637842 1.71246 2.5467 14549.917
2460900.78988426 0.92309004 0.06341717 1.71072 2.6767 14548.246
2460900.79003472 0.99174756 0.06388204 1.70898 2.6297 14496.692
2460900.79018519 0.89338547 0.06331658 1.70725 2.5546 14505.022
2460900.79033565 1.0051999 0.06470305 1.70552 2.6787 14509.326
2460900.79048611 0.92757374 0.06364056 1.70382 2.4899 14484.389
2460900.79063657 0.8419225 0.06167657 1.7021 2.6288 14466.311
2460900.79078704 0.90723914 0.06299828 1.7004 2.7215 14470.435
2460900.7909375 0.8402918 0.06304183 1.69865 2.6527 14470.791
2460900.79108796 0.9534309 0.06323034 1.69696 2.5172 14457.423
2460900.79122685 0.9997104 0.0635305 1.69526 2.5506 14451.131
2460900.79137731 0.9279495 0.06292566 1.69357 2.57 14437.355
2460900.79152778 0.92693293 0.06254014 1.69188 2.5889 14455.121
2460900.79167824 0.9329648 0.06296931 1.69022 2.6045 14440.438
2460900.7918287 0.86801094 0.06215466 1.68853 2.5966 14398.135
2460900.79197917 0.9572299 0.06314029 1.68686 2.6183 14397.078
2460900.79211806 0.8889861 0.06148515 1.68521 2.613 14375.425
2460900.79226852 0.8655597 0.06217267 1.68355 2.5872 14383.88
2460900.79241898 0.9763717 0.06258227 1.68188 2.7165 14357.804
2460900.79256944 0.83691 0.06100408 1.68024 2.5262 14337.215
2460900.79271991 0.907469 0.06152792 1.6786 2.4337 14318.48
2460900.79287037 0.9031831 0.06200647 1.67695 2.6241 14313.368
2460900.79302083 0.84759146 0.06057622 1.67531 2.6158 14287.659
2460900.7931713 0.9111877 0.06181294 1.67366 2.6078 14252.049
2460900.79332176 0.8887858 0.06118138 1.67203 2.5768 14268.657
2460900.79346065 0.9084913 0.06094348 1.67041 2.5044 14253.439
2460900.79361111 0.8450713 0.06074306 1.6688 2.5304 14227.437
2460900.79376157 0.8319103 0.06112686 1.66719 2.6108 14250.627
2460900.79391204 0.8893708 0.06127101 1.66559 2.6027 14241.045
2460900.7940625 0.8396126 0.06010344 1.664 2.6527 14243.002
2460900.79421296 0.9090123 0.06060786 1.66239 2.5937 14225.483
2460900.79435185 0.8709973 0.06091396 1.66081 2.6172 14218.424
2460900.79450231 0.8215384 0.06009602 1.65921 2.5822 14217.354
2460900.79465278 0.9121716 0.06075362 1.65763 2.69 14191.823
2460900.79480324 0.9189257 0.06089773 1.65606 2.6265 14197.515
2460900.7949537 0.92254955 0.0606955 1.65448 2.5827 14189.236
2460900.79510417 0.88303393 0.06001969 1.65291 2.5188 14169.423
2460900.79524306 0.9160143 0.06083475 1.65136 2.5912 14171.499
2460900.79539352 0.82422185 0.05941777 1.64978 2.5439 14135.643
2460900.79554398 0.89852095 0.06021858 1.64822 2.5686 14124.986
2460900.79569444 0.9137913 0.06008638 1.64667 2.6177 14092.494
2460900.79584491 0.97010773 0.06091941 1.64512 2.7297 14085.24
2460900.79599537 0.868602 0.05981463 1.64357 2.259 14059.242
2460900.79614583 0.9480878 0.06010214 1.64203 2.5831 14052.467
2460900.7962963 0.99703664 0.06051758 1.6405 2.6923 14050.926
2460900.79643518 0.9572201 0.05998183 1.63897 2.5225 14015.06
2460900.79658565 0.9662327 0.06030158 1.63744 2.5179 14005.249
2460900.79673611 0.926013 0.05979432 1.63592 2.5268 13982.057
2460900.79688657 0.8814516 0.05942429 1.63442 2.6 13980.114
2460900.79703704 0.95368254 0.05971773 1.63291 2.587 13971.311
2460900.7971875 1.025908 0.06042257 1.63139 2.6268 13970.902
2460900.79733796 0.86529094 0.05926055 1.62989 2.5773 13976.406
2460900.79748843 0.96921945 0.05997111 1.62838 2.5371 13976.542
2460900.79763889 0.9008107 0.05908291 1.62686 2.4987 13957.713
2460900.79777778 0.99413794 0.0599068 1.62536 2.517 13956.441
2460900.79792824 0.9810752 0.06012856 1.62388 2.6188 13933.402
2460900.7980787 1.0097173 0.06069957 1.6224 2.6754 13928.978
2460900.79822917 0.98039067 0.06055612 1.62093 2.5369 13943.702
2460900.79837963 0.88374794 0.05924062 1.61946 2.6314 13913.504
2460900.79853009 0.87029505 0.05864458 1.61798 2.6132 13883.069
2460900.79868056 0.84471 0.0580443 1.61651 2.6889 13891.611
2460900.79881944 0.96676743 0.05955007 1.61505 2.7546 13866.942
2460900.79896991 0.92103463 0.05890491 1.61359 2.5073 13869.765
2460900.79912037 0.9400692 0.05880186 1.61214 2.6142 13854.418
2460900.79927083 0.94861615 0.05881431 1.61069 2.6867 13844.128
2460900.7994213 0.90482724 0.05859175 1.60926 2.5613 13810.22
2460900.79957176 0.8682514 0.05809849 1.60781 2.6592 13803.213
2460900.79972222 1.0585628 0.06006224 1.60638 2.6838 13806.722
2460900.79987269 0.88574284 0.05880547 1.60493 2.6238 13816.704
2460900.80001157 1.0235002 0.05941785 1.6035 2.5274 13813.7
2460900.80016204 0.88882697 0.05847094 1.60209 2.572 13802.765
2460900.8003125 0.9161141 0.05884983 1.60066 2.6298 13813.073
2460900.80046296 0.9343941 0.05867221 1.59925 2.6904 13781.855
2460900.80061343 0.9781053 0.05903028 1.59784 2.5386 13781.514
2460900.80076389 0.86349535 0.0578599 1.59643 2.5978 13772.668
2460900.80090278 0.9032227 0.05820036 1.59504 2.5988 13767.459
2460900.80105324 0.8729356 0.05819087 1.59364 2.5298 13755.951
2460900.8012037 0.9397968 0.05857 1.59224 2.5282 13760.493
2460900.80135417 0.9889406 0.05967641 1.59084 2.5215 13741.498
2460900.80150463 0.9257761 0.05796614 1.58946 2.6261 13720.739
2460900.80165509 0.89555615 0.05773701 1.58807 2.6118 13710.217
2460900.80180556 0.9748098 0.05858326 1.58669 2.5966 13704.93
2460900.80194444 0.8875413 0.05774523 1.5853 2.5911 13706.459
2460900.80210648 1.0179708 0.05891986 1.58391 2.5658 13682.608
2460900.80224537 0.93153906 0.05771642 1.58253 2.5106 13660.468
2460900.80239583 1.0311044 0.05821097 1.58117 2.6083 13655.183
2460900.8025463 0.98926884 0.05882889 1.5798 2.6362 13640.511
2460900.80269676 0.9337171 0.05734523 1.57844 2.6092 13617.48
2460900.80284722 0.8861875 0.0575508 1.5771 2.6141 13604.915
2460900.80299769 0.9699885 0.05735357 1.57574 2.6196 13611.341
2460900.80314815 0.9115788 0.05676267 1.5744 2.6415 13598.381
2460900.80328704 0.94312155 0.05758566 1.57305 2.5776 13590.061
2460900.8034375 0.9157039 0.05721127 1.57172 2.5865 13581.181
2460900.80358796 0.94346505 0.05696348 1.57037 2.7162 13592.809
2460900.80373843 0.9690004 0.05749778 1.56904 2.6109 13586.395
2460900.80388889 0.9533593 0.05723157 1.56771 2.5857 13557.896
2460900.80403935 0.8918663 0.05634141 1.56638 2.6182 13535.795
2460900.80418981 0.9299535 0.0571901 1.56507 2.7059 13545.954
2460900.80434028 0.85368073 0.0557029 1.56373 2.4942 13561.104
2460900.80447917 0.9502108 0.05738458 1.56242 2.6203 13545.212
2460900.80462963 0.9474799 0.05648047 1.56111 2.6254 13547.967
2460900.80478009 0.85616684 0.05611293 1.5598 2.4503 13538.246
2460900.80493056 0.90753233 0.05637219 1.5585 2.5613 13534.009
2460900.80508102 0.90775824 0.05666031 1.5572 2.6966 13519.546
2460900.80523148 0.9230363 0.05629353 1.55592 2.4988 13502.012
2460900.80538194 0.970572 0.05711823 1.55462 2.6319 13505.518
2460900.80552083 0.9298498 0.05626758 1.55334 2.553 13498.693
2460900.8056713 0.8798467 0.05660011 1.55205 2.6982 13472.204
2460900.80582176 0.8837704 0.05570615 1.55077 2.5788 13478.82
2460900.80597222 0.96662736 0.05720915 1.54948 2.6702 13460.15
2460900.80612269 0.97587264 0.05732188 1.54821 2.6711 13442.267
2460900.80627315 0.9494952 0.05714058 1.54694 2.539 13431.862
2460900.80641204 0.964279 0.05673313 1.54568 2.5083 13425.859
2460900.80657407 0.95112497 0.05662888 1.54439 2.5851 13436.449
2460900.80671296 1.0311265 0.05719098 1.54313 2.5864 13417.784
2460900.80686343 0.9298356 0.05568398 1.54187 2.5348 13395.307
2460900.80701389 0.94020754 0.05658631 1.54062 2.498 13406.521
2460900.80716435 1.087686 0.05749442 1.53937 2.5283 13418.664
2460900.80731481 0.9818791 0.05652247 1.53814 2.6175 13399.771
2460900.80746528 0.99743176 0.05619249 1.53689 2.4977 13403.913
2460900.80761574 0.95128626 0.05562588 1.53565 2.5952 13410.004
2460900.80775463 0.9150221 0.05524425 1.53441 2.5942 13412.808
2460900.80790509 0.917403 0.05579974 1.53319 2.6358 13414.172
2460900.80805556 1.0042397 0.05606772 1.53196 2.5185 13393.526
2460900.80820602 0.85589945 0.05554764 1.53073 2.6044 13392.516
2460900.80835648 0.9870148 0.05701393 1.52951 2.538 13381.563
2460900.80850694 1.0046769 0.05675892 1.52829 2.6623 13363.858
2460900.80864583 0.92410815 0.05601557 1.52707 2.5308 13364.319
2460900.80880787 1.1187612 0.05719633 1.52584 2.7314 13337.072
2460900.80894676 0.86381143 0.05410622 1.52463 2.5902 13319.108
2460900.80909722 0.97135866 0.05593285 1.52343 2.5216 13310.42
2460900.80924769 0.89966327 0.05518611 1.52223 2.6036 13289.698
2460900.80939815 0.94096136 0.0548896 1.52102 2.553 13277.467
2460900.80954861 0.9376906 0.05536604 1.51983 2.5931 13263.123
2460900.80969907 1.0389131 0.05599728 1.51863 2.6095 13253.2
2460900.80984954 0.9681989 0.05609259 1.51745 2.7047 13231.626
2460900.80998843 1.0100937 0.05591103 1.51626 2.7066 13248.391
2460900.81013889 1.0213672 0.05716759 1.51507 2.7 13230.807
2460900.81028935 0.92893565 0.05513094 1.5139 2.6352 13227.584
2460900.81043981 0.9756843 0.05483819 1.51271 2.6032 13242.209
2460900.81059028 0.864402 0.05423786 1.51154 2.6193 13235.061
2460900.81074074 0.92605263 0.05391273 1.51038 2.6047 13236.222
2460900.8108912 0.95492226 0.05537398 1.50921 2.3736 13240.806
2460900.81104167 0.97242016 0.05496826 1.50803 2.5003 13271.76
2460900.81119213 1.013231 0.0551737 1.50687 2.5665 13250.572
2460900.81133102 1.0318513 0.05549382 1.50572 2.5926 13241.267
2460900.81148148 1.0116959 0.05542747 1.50457 2.4775 13242.141
2460900.81163194 0.9543011 0.05524639 1.50342 2.6273 13241.889
2460900.81178241 0.91241455 0.05432424 1.50226 2.7196 13207.026
2460900.81193287 1.1101692 0.05678922 1.50112 2.6677 13196.757
2460900.81208333 0.92403275 0.0548416 1.49998 2.682 13193.117
2460900.8122338 1.0348424 0.05637808 1.49884 2.6945 13179.172
2460900.81237269 0.9474325 0.05505465 1.49771 2.5886 13163.429
2460900.81252315 0.9677631 0.05428493 1.49658 2.5016 13165.766
2460900.81267361 0.93751824 0.0540756 1.49545 2.6663 13164.044
2460900.81282407 1.008998 0.05448347 1.49433 2.6212 13147.762
2460900.81297454 0.9892279 0.05501172 1.49322 2.6301 13159.672
2460900.813125 0.9588802 0.05455331 1.4921 2.6598 13133.788
2460900.81327546 0.9356499 0.0541155 1.49097 2.6521 13137.411
2460900.81342593 1.030596 0.05395271 1.48986 2.5391 13128.945
2460900.81356481 0.96706885 0.0543639 1.48875 2.5593 13123.055
2460900.81371528 0.97595376 0.05391168 1.48764 2.6644 13122.092
2460900.81386574 1.0492504 0.05646508 1.48654 2.7805 13114.036
2460900.8140162 1.0471011 0.05567293 1.48545 2.6703 13086.723
2460900.81416667 0.94699425 0.05358516 1.48435 2.6834 13096.627
2460900.81431713 0.89073926 0.05283931 1.48326 2.4789 13063.419
2460900.81445602 0.95195687 0.05294154 1.48216 2.6135 13055.569
2460900.81460648 0.8497561 0.05285323 1.48108 2.4904 13042.757
2460900.81475694 0.9576979 0.05360416 1.48 2.6046 13032.366
2460900.81490741 0.8394667 0.05253373 1.47892 2.6407 13034.47
2460900.81505787 0.93429506 0.05416138 1.47784 2.6247 12992.153
2460900.81520833 1.0226296 0.05451828 1.47677 2.5438 13016.692
2460900.81534722 0.920485 0.05304764 1.47569 2.6971 13020.542
2460900.81549769 0.9603201 0.0535337 1.47461 2.6862 13008.665
2460900.81564815 1.0125556 0.05326605 1.47354 2.6189 13007.177
2460900.81579861 0.9734694 0.05394084 1.47249 2.6508 12992.003
2460900.81594907 0.93851644 0.05333872 1.47142 2.6966 13014.19
2460900.81609954 0.97327024 0.05384692 1.47036 2.5893 13020.528
2460900.81625 0.9595738 0.05403771 1.46931 2.5624 13006.578
2460900.81640046 0.94618315 0.05402357 1.46826 2.6778 13014.097
2460900.81653935 1.0540135 0.05445591 1.4672 2.618 13019.018
2460900.81668981 0.9890389 0.05369664 1.46616 2.75 13018.263
2460900.81684028 0.891344 0.05293293 1.46511 2.6675 13028.789
2460900.81699074 0.98237187 0.05391581 1.46408 2.5757 13015.774
2460900.8171412 0.9825394 0.05339174 1.46304 2.6671 13005.714
2460900.81729167 0.8558058 0.05263889 1.46201 2.6153 12979.947
2460900.81744213 0.87609506 0.05254535 1.46097 2.5529 13012.556
2460900.81758102 0.91373146 0.05244492 1.45994 2.5754 12964.118
2460900.81773148 1.0464451 0.05407608 1.4589 2.5992 12970.517
2460900.81788194 0.9242694 0.05330977 1.45787 2.5812 12952.038
2460900.81803241 0.9678742 0.05298613 1.45685 2.5839 12944.361
2460900.81818287 0.9633745 0.05278086 1.45583 2.6705 12939.028
2460900.81833333 0.96693265 0.0529542 1.45482 2.7054 12914.719
2460900.8184838 0.92218244 0.05270414 1.45381 2.5398 12930.913
2460900.81863426 0.94614625 0.05217187 1.4528 2.6686 12893.26
2460900.81877315 1.0196471 0.05293985 1.45179 2.5826 12892.713
2460900.81892361 0.9502328 0.05253396 1.45079 2.6294 12897.276
2460900.81907407 0.9909152 0.0533176 1.44979 2.6421 12897.245
2460900.81922454 0.96182173 0.05276579 1.44879 2.6604 12873.506
2460900.819375 0.94884026 0.05230268 1.4478 2.6912 12889.972
2460900.81952546 0.9808585 0.05230984 1.44681 2.641 12882.566
2460900.81967593 0.91656464 0.05182712 1.44582 2.7108 12881.251
2460900.81981481 0.9435194 0.05201897 1.44483 2.5534 12873.448
2460900.81996528 0.89213 0.05183888 1.44384 2.6152 12883.631
2460900.82011574 0.9378678 0.05197762 1.44285 2.5749 12891.566
2460900.8202662 1.0310793 0.0518524 1.44187 2.6099 12861.021
2460900.82041667 1.0222439 0.05323357 1.4409 2.5894 12876.355
2460900.82056713 0.99439394 0.05218799 1.43993 2.6727 12873.828
2460900.82071759 1.0353255 0.05300389 1.43895 2.5327 12863.433
2460900.82086806 0.9337518 0.052056 1.43799 2.5927 12871.365
2460900.82100694 0.9785536 0.05264907 1.43702 2.6974 12875.596
2460900.82115741 0.9988183 0.05251054 1.43605 2.7196 12851.409
2460900.82130787 0.97407156 0.05188069 1.4351 2.6173 12867.574
2460900.82145833 0.907367 0.05160624 1.43415 2.6482 12868.942
2460900.8216088 0.9177034 0.05151821 1.43319 2.4855 12852.474
2460900.82175926 0.96593446 0.051801 1.43224 2.581 12867.478
2460900.82189815 1.0432911 0.05256383 1.43129 2.6909 12845.425
2460900.82204861 0.8822135 0.05099202 1.43034 2.6284 12857.425
2460900.82219907 0.9869349 0.05209894 1.42938 2.64 12855.844
2460900.82234954 0.9923309 0.05212222 1.42845 2.6557 12862.021
2460900.8225 0.963543 0.05192392 1.42751 2.6814 12851.027
2460900.82265046 1.0355004 0.0517543 1.42657 2.693 12843.086
2460900.82280093 0.9777528 0.05232496 1.42564 2.6626 12829.722
2460900.82295139 0.96560746 0.05200795 1.42471 2.7214 12822.822
2460900.82309028 0.928079 0.05161409 1.42379 2.6151 12844.831
2460900.82324074 0.95956033 0.05250877 1.42286 2.692 12835.573
2460900.8233912 0.908799 0.05070713 1.42194 2.6425 12811.07
2460900.82354167 0.9885982 0.05189331 1.42102 2.6455 12799.356
2460900.82369213 0.91611207 0.05173317 1.4201 2.6495 12818.91
2460900.82384259 0.88813233 0.05084183 1.41919 2.687 12799.946
2460900.82398148 0.9497088 0.05148292 1.41828 2.6325 12800.567
2460900.82414352 0.9503335 0.05175105 1.41737 2.5824 12803.78
2460900.82429398 0.9253612 0.051635 1.41646 2.6202 12801.284
2460900.82444444 0.99832284 0.05164821 1.41554 2.5851 12760.545
2460900.82459491 0.9283628 0.05111889 1.41464 2.6438 12766.837
2460900.82474537 0.9477624 0.05111129 1.41374 2.6408 12759.848
2460900.82489583 0.96305054 0.05103709 1.41284 2.6909 12742.142
2460900.8250463 1.0164433 0.05183056 1.41194 2.5872 12731.723
2460900.82518519 0.9663523 0.05147764 1.41105 2.6968 12742.242
2460900.82533565 0.98569775 0.05179537 1.41015 2.8118 12735.261
2460900.82548611 1.0198088 0.05146662 1.40926 2.5462 12716.071
2460900.82563657 1.008829 0.05146621 1.40839 2.5849 12721.324
2460900.82578704 0.9655476 0.05137958 1.4075 2.7296 12712.521
2460900.8259375 0.93144387 0.05126041 1.40661 2.6707 12732.648
2460900.82608796 0.9387772 0.05104425 1.40574 2.6519 12700.524
2460900.82623843 0.9341436 0.0508613 1.40486 2.568 12707.9
2460900.82637731 0.95999104 0.05135209 1.40399 2.6612 12707.281
2460900.82652778 0.90752333 0.05080264 1.40312 2.6574 12696.367
2460900.82667824 0.9578398 0.05124004 1.40223 2.6834 12714.939
2460900.8268287 0.95584375 0.05111081 1.40136 2.4366 12705.809
2460900.82697917 0.9572357 0.05110668 1.4005 2.5762 12702.322
2460900.82712963 0.9578786 0.05051991 1.39963 2.6494 12687.359
2460900.82728009 0.9533075 0.05123211 1.39878 2.4849 12706.394
2460900.82743056 0.98403955 0.05123664 1.39792 2.8517 12700.43
2460900.82758102 1.027224 0.05128713 1.39707 2.6152 12701.815
2460900.82771991 0.9640884 0.05104551 1.39621 2.6372 12697.067
2460900.82787037 0.9380302 0.05060471 1.39536 2.6323 12686.455
2460900.82802083 0.94231695 0.05076025 1.39452 2.6145 12685.926
2460900.8281713 0.988486 0.050826 1.39367 2.7558 12686.422
2460900.82832176 1.0300859 0.05111716 1.39282 2.5928 12687.286
2460900.82847222 0.9661269 0.0504939 1.39198 2.6023 12691.777
2460900.82862269 0.9476813 0.05075795 1.39115 2.5549 12670.965
2460900.82876157 1.0045298 0.05092095 1.39031 2.6515 12673.263
2460900.82891204 0.97376996 0.05107387 1.38946 2.6345 12647.317
2460900.8290625 0.90822625 0.04968519 1.38863 2.6251 12642.833
2460900.82921296 0.9523041 0.05021338 1.3878 2.7536 12631.87
2460900.82936343 0.9822979 0.05085942 1.38697 2.6335 12621.766
2460900.82951389 0.967155 0.05030325 1.38615 2.7689 12627.378
2460900.82966435 0.95790726 0.05014022 1.38533 2.5413 12604.785
2460900.82980324 0.95538217 0.04990257 1.38451 2.606 12619.104
2460900.8299537 0.99590683 0.05116789 1.3837 2.6982 12601.559
2460900.83010417 0.9490644 0.05035106 1.38289 2.6014 12609.627
2460900.83025463 0.9428844 0.05006469 1.38207 2.6067 12589.425
2460900.83040509 0.9614323 0.05013853 1.38126 2.5494 12611.087
2460900.83055556 0.9229646 0.04982728 1.38045 2.5967 12592.09
2460900.83069444 1.0045867 0.05016065 1.37965 2.6261 12589.961
2460900.83084491 0.90163374 0.04979534 1.37885 2.6291 12571.343
2460900.83099537 0.946958 0.05037826 1.37805 2.7594 12579.222
2460900.83114583 0.9396597 0.0499202 1.37723 2.6486 12570.64
2460900.8312963 0.9655865 0.04938237 1.37644 2.6411 12570.126
2460900.83144676 0.942566 0.05009095 1.37564 2.6061 12565.012
2460900.83159722 1.0287402 0.05109729 1.37485 2.6738 12540.632
2460900.83174769 1.0167196 0.05014138 1.37406 2.588 12533.16
2460900.83188657 0.99221843 0.05049485 1.37327 2.7092 12532.652
2460900.83203704 1.045485 0.05116765 1.37249 2.6333 12535.583
2460900.8321875 1.0098974 0.0505684 1.3717 2.7135 12533.457
2460900.83233796 1.0386889 0.05020749 1.37093 2.7066 12512.104
2460900.83248843 0.99668825 0.05073867 1.37015 2.6174 12515.952
2460900.83263889 1.0099621 0.05019381 1.36937 2.5914 12534.69
2460900.83277778 0.92713207 0.04983815 1.3686 2.7286 12499.549
2460900.83292824 1.0188991 0.0503036 1.36783 2.6654 12525.725
2460900.8330787 0.9392176 0.04977237 1.36706 2.6169 12514.67
2460900.83322917 1.0058649 0.05032303 1.36629 2.7525 12499.365
2460900.83337963 0.97623557 0.0497661 1.36551 2.5982 12484.22
2460900.83353009 0.92044955 0.04906282 1.36474 2.7118 12471.093
2460900.83368056 0.98555183 0.04934985 1.36398 2.5541 12468.354
2460900.83383102 1.0193183 0.05009816 1.36322 2.6014 12474.678
2460900.83396991 0.9901751 0.04924125 1.36246 2.5821 12477.33
2460900.83412037 0.96906644 0.04919853 1.3617 2.6741 12487.612
2460900.83427083 1.0175972 0.04942936 1.36095 2.5949 12469.879
2460900.8344213 1.0076009 0.05024187 1.3602 2.5551 12459.007
2460900.83457176 0.953116 0.04961183 1.35945 2.7183 12451.683
2460900.83472222 0.9296255 0.04933335 1.35871 2.6597 12425.533
2460900.83487269 0.9820881 0.04932171 1.35795 2.668 12453.427
2460900.83501157 1.0255195 0.05011708 1.35722 2.7415 12439.556
2460900.83516204 1.0196203 0.04971867 1.35648 2.6722 12445.336
2460900.8353125 0.9962199 0.04959319 1.35574 2.722 12415.44
2460900.83546296 1.022034 0.04967896 1.355 2.6825 12423.891
2460900.83561343 0.87282693 0.04913211 1.35426 2.7317 12409.222
2460900.83576389 0.96262336 0.04911375 1.35353 2.7084 12409.719
2460900.83591435 1.0489925 0.05019846 1.35279 2.632 12422.772
2460900.83605324 1.0406891 0.05003367 1.35206 2.692 12403.619
2460900.8362037 1.0311834 0.04972814 1.35134 2.7015 12391.911
2460900.83635417 1.005001 0.04992753 1.35061 2.5626 12388.231
2460900.83650463 1.002514 0.04990576 1.34989 2.6825 12392.127
2460900.83665509 0.9904244 0.04983189 1.34917 2.8268 12394.788
2460900.83680556 0.95581037 0.04974846 1.34845 2.7923 12390.061
2460900.83695602 0.96559715 0.04944415 1.34774 2.8095 12368.324
2460900.83709491 0.9947657 0.04888022 1.34702 2.6605 12364.569
2460900.83724537 0.9301033 0.0491445 1.34631 2.8066 12383.432
2460900.83739583 1.0074329 0.04931372 1.3456 2.598 12376.932
2460900.8375463 0.96011585 0.0495287 1.34489 2.7884 12380.03
2460900.83769676 0.9811105 0.04889305 1.34418 2.6644 12359.459
2460900.83784722 0.9839323 0.04869747 1.34346 2.6542 12352.71
2460900.83799769 1.0179034 0.04875253 1.34276 2.7419 12361.314
2460900.83814815 0.9820287 0.04981746 1.34206 2.6841 12340.689
2460900.83828704 0.99196637 0.04880586 1.34136 2.7349 12342.537
2460900.8384375 0.995623 0.04935676 1.34066 2.5067 12306.062
2460900.83858796 0.9407515 0.04856076 1.33997 2.6813 12297.448
2460900.83873843 0.8953463 0.04851914 1.33927 2.6024 12333.626
2460900.83888889 0.9314073 0.04878254 1.33858 2.646 12327.759
2460900.83903935 1.0094397 0.0493142 1.33789 2.7126 12320.035
2460900.83918981 1.0450618 0.04960353 1.33721 2.691 12311.033
2460900.8393287 1.0595639 0.04941947 1.33651 2.6592 12301.17
2460900.83947917 0.94150525 0.04855442 1.33583 2.7132 12298.87
2460900.83962963 1.0364541 0.04887839 1.33515 2.8197 12300.783
2460900.83978009 0.92414653 0.04910239 1.33447 2.6662 12302.001
2460900.83993056 0.99922734 0.04875461 1.33379 2.7427 12302.122
2460900.84008102 1.0048816 0.04935503 1.3331 2.6641 12306.883
2460900.84023148 0.98577094 0.04910628 1.33243 2.6309 12280.41
2460900.84038194 1.043606 0.04979021 1.33176 2.6444 12272.149
2460900.84053241 0.9965282 0.04894461 1.33109 2.6023 12271.104
2460900.8406713 1.0346304 0.04892083 1.33042 2.7243 12270.866
2460900.84082176 0.9207991 0.04798564 1.32975 2.5581 12289.85
2460900.84097222 0.9870996 0.0488891 1.32909 2.5901 12278.028
2460900.84112269 1.0036211 0.04938215 1.32843 2.7062 12272.203
2460900.84127315 0.98626745 0.04870272 1.32776 2.6922 12291.208
2460900.84142361 1.0066996 0.04898454 1.3271 2.8254 12254.152
2460900.84157407 1.0351387 0.0488258 1.32645 2.5894 12243.726
2460900.84171296 1.024228 0.04912916 1.3258 2.5474 12257.585
2460900.84186343 0.8944664 0.04773168 1.32515 2.6783 12241.267
2460900.84201389 0.9444053 0.04806496 1.32449 2.7451 12237.045
2460900.84216435 0.8904798 0.04796197 1.32384 2.7489 12233.089
2460900.84231481 1.0550646 0.04930436 1.32319 2.6963 12234.738
2460900.84246528 0.93696266 0.04824689 1.32254 2.5947 12239.45
2460900.84261574 1.0338756 0.0485981 1.3219 2.7266 12231.076
2460900.84275463 0.99462616 0.04860201 1.32126 2.6589 12233.431
2460900.84290509 0.96296936 0.0483417 1.32062 2.6178 12253.826
2460900.84305556 1.0041213 0.04793289 1.31998 2.72 12248.689
2460900.84320602 0.97257155 0.04841733 1.31934 2.689 12257.447
2460900.84335648 0.97359127 0.04796526 1.3187 2.5902 12237.075
2460900.84350694 0.96616405 0.0482594 1.31807 2.6206 12236.876
2460900.84365741 0.9928896 0.04830869 1.31744 2.4602 12241.668
2460900.8437963 0.9299351 0.0481129 1.31681 2.7127 12247.15
2460900.84394676 1.0246011 0.04859661 1.31618 2.6945 12203.963
2460900.84409722 0.95113564 0.04782534 1.31556 2.6175 12221.487
2460900.84424769 0.9576322 0.04850576 1.31493 2.6518 12218.606
2460900.84439815 1.0320668 0.04845151 1.31431 2.5375 12233.911
2460900.84454861 0.9262344 0.04789223 1.31368 2.5276 12205.236
2460900.84469907 1.0605602 0.04859036 1.31307 2.7237 12240.162
2460900.84484954 1.0511243 0.04813073 1.31245 2.6669 12221.749
2460900.84498843 0.9976925 0.04855157 1.31184 2.7408 12224.721
2460900.84513889 0.91724896 0.04828206 1.31122 2.8155 12232.125
2460900.84528935 0.9485483 0.04785963 1.31061 2.6094 12232.068
2460900.84543981 0.9730419 0.04858645 1.31 2.6973 12233.85
2460900.84559028 1.0399188 0.04846444 1.3094 2.6438 12229.339
2460900.84574074 1.0418715 0.04863029 1.30879 2.5743 12227.339
2460900.8458912 1.0143682 0.04853312 1.30818 2.7297 12225.502
2460900.84603009 0.916872 0.0472767 1.30758 2.6586 12203.582
2460900.84618056 1.0142621 0.04845789 1.30698 2.6799 12223.384
2460900.84633102 1.0339962 0.04895522 1.30639 2.773 12200.692
2460900.84648148 1.0099113 0.04839486 1.30579 2.4713 12217.498
2460900.84663194 0.96375555 0.04800778 1.3052 2.6157 12209.012
2460900.84678241 1.0048496 0.04837265 1.30459 2.5946 12204.731
2460900.84693287 0.9863599 0.04801093 1.304 2.6605 12185.273
2460900.84707176 1.0575781 0.04904284 1.30342 2.7449 12171.356
2460900.84722222 1.0442351 0.04801576 1.30283 2.6524 12154.678
2460900.84737269 1.0478452 0.04840793 1.30224 2.6163 12136.492
2460900.84752315 1.028638 0.04814329 1.30166 2.6544 12134.971
2460900.84767361 0.93627965 0.04750013 1.30108 2.5801 12141.359
2460900.84782407 0.9634353 0.0476361 1.3005 2.6702 12138.608
2460900.84796296 1.0974206 0.04888599 1.29992 2.7015 12140.582
2460900.84811343 1.0042793 0.047943 1.29934 2.6542 12125.04
2460900.84826389 0.99392396 0.04781037 1.29877 2.6844 12099.127
2460900.84841435 0.9966056 0.04747853 1.2982 2.6616 12068.268
2460900.84856481 0.9492772 0.04735027 1.29763 2.5857 12058.656
2460900.84871528 1.0509775 0.04763247 1.29706 2.6616 12026.658
2460900.84885417 1.0030619 0.04758721 1.29649 2.6903 12053.088
2460900.8490162 1.0028117 0.04782082 1.29591 2.5941 12076.966
2460900.84915509 1.0105418 0.0477886 1.29535 2.601 12075.943
2460900.84930556 1.0317664 0.04745752 1.29478 2.739 12060.889
2460900.84945602 1.0455441 0.04769211 1.29422 2.6193 12024.739
2460900.84960648 0.9997022 0.04724979 1.29366 2.623 12021.159
2460900.84975694 1.0610125 0.04782381 1.29311 2.6738 11997.749
2460900.84990741 1.0185829 0.04773157 1.29255 2.6525 11981.058
2460900.8500463 1.0295398 0.0480514 1.29199 2.7137 11974.032
2460900.85019676 0.98508877 0.04703831 1.29144 2.6631 11970.766
2460900.85034722 0.92889804 0.04664949 1.29089 2.5991 11941.511
2460900.85049769 1.0227276 0.04797022 1.29034 2.7444 11950.359
2460900.85064815 0.90250367 0.04701739 1.2898 2.6224 11936.823
2460900.85079861 0.9932069 0.04729356 1.28925 2.5299 11959.09
2460900.85094907 0.97600156 0.0471877 1.2887 2.7513 11922.838
2460900.85108796 1.0892928 0.04784232 1.28816 2.6054 11920.762
2460900.85123843 1.0668913 0.04777979 1.28761 2.6622 11927.175
2460900.85138889 0.95935774 0.046701 1.28707 2.6013 11905.492
2460900.85153935 1.0098963 0.04691203 1.28653 2.7015 11935.48
2460900.85168981 0.9622057 0.0467307 1.286 2.6816 11906.766
2460900.85184028 1.0002723 0.04711783 1.28547 2.7467 11900.309
2460900.85199074 1.0025035 0.04744609 1.28493 2.6063 11888.201
2460900.85212963 1.0895241 0.04807235 1.2844 2.6317 11857.861
2460900.85228009 1.0516195 0.04685727 1.28386 2.4989 11867.741
2460900.85243056 1.0222503 0.04673217 1.28334 2.5816 11859.598
2460900.85258102 0.93467927 0.04676418 1.28281 2.5022 11863.828
2460900.85273148 0.9682285 0.04692177 1.28229 2.7156 11873.343
2460900.85288194 0.95473695 0.0462134 1.28176 2.7291 11867.726
2460900.85303241 1.0010179 0.0471957 1.28124 2.6686 11878.186
2460900.8531713 1.0143843 0.04745617 1.28072 2.6481 11857.949
2460900.85332176 1.0095282 0.0473859 1.2802 2.5147 11846.644
2460900.85347222 0.9575913 0.04719508 1.27967 2.5682 11842.821
2460900.85362269 0.9524464 0.04652251 1.27915 2.6095 11848.779
2460900.85377315 1.0099369 0.04681785 1.27864 2.5644 11846.695
2460900.85392361 1.0140224 0.04694062 1.27813 2.6761 11823.862
2460900.85407407 1.0123117 0.04700754 1.27762 2.6725 11826.665
2460900.85422454 1.0032156 0.04671741 1.27711 2.6966 11805.65
2460900.85436343 1.0188042 0.04657822 1.2766 2.714 11804.81
2460900.85451389 1.0304369 0.0458396 1.2761 2.7387 11768.926
2460900.85466435 0.9441339 0.04666997 1.2756 2.6158 11793.822
2460900.85481481 0.99332315 0.04656551 1.2751 2.6628 11807.193
2460900.85496528 1.004665 0.04679996 1.27459 2.4851 11769.127
2460900.85511574 0.93719304 0.04627548 1.27409 2.6381 11791.36
2460900.8552662 0.9903394 0.04704116 1.27359 2.6162 11769.417
2460900.85540509 0.99500376 0.04652666 1.2731 2.6281 11776.512
2460900.85555556 1.012506 0.04663702 1.2726 2.5924 11769.63
2460900.85570602 1.0366495 0.04678607 1.2721 2.6835 11747.418
2460900.85585648 1.0001367 0.04639337 1.27161 2.6731 11757.066
2460900.85600694 0.982186 0.04647109 1.27112 2.6293 11742.497
2460900.85615741 0.9359334 0.04569765 1.27063 2.6275 11757.563
2460900.85630787 1.0406023 0.04644864 1.27014 2.6515 11765.196
2460900.85645833 0.90572464 0.04587301 1.26965 2.5939 11749.603
2460900.85659722 1.0225455 0.04654252 1.26917 2.7237 11775.364
2460900.85674769 0.9928618 0.0463587 1.26869 2.7695 11770.944
2460900.85689815 0.868145 0.04534839 1.2682 2.5507 11762.95
2460900.85704861 0.9796153 0.04614463 1.26773 2.5795 11761.977
2460900.85719907 0.9658145 0.04642178 1.26725 2.6347 11767.585
2460900.85734954 1.0285784 0.04605397 1.26677 2.7418 11767.356
2460900.8575 0.96561164 0.04594161 1.2663 2.6506 11764.899
2460900.85763889 0.94231814 0.04607545 1.26583 2.6102 11748.893
2460900.85778935 0.98450404 0.04644781 1.26536 2.7687 11743.888
2460900.85793981 1.0249109 0.04636848 1.26488 2.6155 11745.29
2460900.85809028 1.0184118 0.0466925 1.26441 2.8344 11733.104
2460900.85824074 1.0782305 0.04709926 1.26394 2.6014 11746.74
2460900.8583912 1.0086396 0.04652962 1.26347 2.7075 11769.45
2460900.85854167 0.97356576 0.04599282 1.26301 2.6159 11761.339
2460900.85869213 1.0220563 0.04642789 1.26255 2.7148 11757.368
2460900.85884259 0.9779797 0.0460869 1.26209 2.5856 11754.986
2460900.85898148 0.9924652 0.04661458 1.26163 2.6157 11748.656
2460900.85913194 1.0466099 0.04673338 1.26118 2.5546 11736.424
2460900.85928241 1.00842 0.0466412 1.26072 2.5353 11752.643
2460900.85943287 0.9946328 0.04639549 1.26026 2.5955 11758.42
2460900.85958333 1.0358058 0.04634577 1.25981 2.5343 11723.603
2460900.8597338 0.98997974 0.04610845 1.25936 2.6972 11747.843
2460900.85987269 1.0319393 0.04676301 1.25891 2.7271 11734.752
2460900.86002315 1.0196118 0.04678273 1.25846 2.65 11733.913
2460900.86017361 0.9445361 0.04618728 1.25801 2.6614 11728.376
2460900.86032407 0.9964267 0.04676627 1.25756 2.6469 11698.943
2460900.86047454 0.96374774 0.04609088 1.25712 2.6556 11681.52
2460900.860625 1.0451714 0.0468656 1.25667 2.6068 11700.689
2460900.86077546 0.950459 0.04524967 1.25623 2.5445 11703.401
2460900.86092593 0.9722104 0.04588457 1.2558 2.608 11697.52
2460900.86106481 1.0595617 0.04618265 1.25536 2.6774 11694.204
2460900.86121528 0.9858701 0.04598255 1.25492 2.6995 11699.832
2460900.86136574 0.9392269 0.04563468 1.25449 2.6194 11684.544
2460900.8615162 1.0003396 0.04563113 1.25406 2.595 11692.432
2460900.86166667 0.99873674 0.0458861 1.25362 2.4847 11684.26
2460900.86181713 0.9551789 0.04551765 1.25319 2.6677 11682.963
2460900.86196759 1.0176724 0.04620247 1.25276 2.5722 11703.074
2460900.86210648 1.0118704 0.04682732 1.25233 2.6879 11692.736
2460900.86225694 1.0022205 0.04674957 1.2519 2.7737 11694.308
2460900.86240741 0.9757304 0.04628474 1.25148 2.5584 11695.316
2460900.86255787 1.0141053 0.04660904 1.25105 2.7323 11678.319
2460900.86270833 1.0002947 0.04577184 1.25063 2.622 11696.907
2460900.8628588 1.0466396 0.04637574 1.25021 2.6307 11701.2
2460900.86300926 0.99019706 0.04652229 1.24979 2.7051 11704.739
2460900.86315972 1.047519 0.04588059 1.24938 2.5918 11708.455
2460900.86329861 1.0243075 0.0461672 1.24897 2.6529 11681.272
2460900.86344907 1.0141382 0.04621832 1.24855 2.6714 11678.672
2460900.86359954 1.0822538 0.04699562 1.24813 2.7309 11667.68
2460900.86375 1.0011001 0.04564379 1.24772 2.5703 11662.159
2460900.86390046 0.9974441 0.04599888 1.24731 2.6979 11663.616
2460900.86405093 1.0513648 0.04628519 1.2469 2.7192 11642.518
2460900.86420139 0.9924664 0.04610194 1.2465 2.6717 11650.073
2460900.86434028 1.1052114 0.04673235 1.24609 2.6377 11650.499
2460900.86449074 0.9942614 0.04561589 1.24569 2.4972 11652.301
2460900.8646412 1.0303812 0.0464578 1.24528 2.7876 11659.107
2460900.86479167 0.94507813 0.04588706 1.24488 2.6107 11658.591
2460900.86494213 1.0241398 0.04573107 1.24447 2.6896 11640.524
2460900.86509259 1.0210606 0.04612119 1.24408 2.6329 11629.656
2460900.86524306 1.0385144 0.04624643 1.24368 2.6688 11595.161
2460900.86539352 0.9539121 0.04553222 1.24329 2.6179 11624.545
2460900.86553241 1.0115209 0.04618604 1.24289 2.6147 11622.463
2460900.86568287 1.0655272 0.04632748 1.2425 2.6419 11624.16
2460900.86583333 0.9263138 0.04514687 1.24211 2.6223 11634.169
2460900.8659838 1.0066808 0.04582566 1.24171 2.6784 11626.198
2460900.86613426 1.0672481 0.04625959 1.24133 2.6715 11617.639
2460900.86628472 1.0420005 0.04614851 1.24094 2.6596 11631.209
2460900.86643519 1.0170537 0.04610052 1.24056 2.7167 11615.72
2460900.86657407 1.0643553 0.04608541 1.24017 2.48 11619.177
2460900.86672454 1.0717453 0.04651972 1.23979 2.7368 11606.46
2460900.866875 1.0633621 0.04620861 1.2394 2.346 11613.139
2460900.86702546 1.0091101 0.04598337 1.23902 2.6323 11609.586
2460900.86717593 1.0801232 0.04676013 1.23864 2.6307 11617.511
2460900.86732639 1.1277841 0.04694297 1.23826 2.7448 11600.576
2460900.86747685 1.0570514 0.04628515 1.23788 2.5347 11584.886
2460900.86762731 1.0072802 0.04547049 1.23751 2.5683 11583.665
2460900.8677662 1.0630201 0.0464999 1.23713 2.7862 11580.579
2460900.86791667 1.018969 0.04583974 1.23676 2.6222 11554.85
2460900.86806713 1.0034493 0.04536546 1.23639 2.6394 11544.208
2460900.86821759 1.0413631 0.04588368 1.23602 2.7277 11550.371
2460900.86836806 1.0419292 0.04600014 1.23566 2.5273 11550.354
2460900.86851852 1.0150268 0.04623481 1.23529 2.6491 11539.198
2460900.86866898 1.0260347 0.04593711 1.23492 2.6193 11528.094
2460900.86880787 1.0510416 0.04607383 1.23456 2.6737 11509.894
2460900.86895833 0.98475826 0.04545115 1.2342 2.7554 11516.739
2460900.8691088 1.0397615 0.04598901 1.23383 2.5566 11511.669
2460900.86925926 1.0377697 0.04548244 1.23347 2.7282 11506.992
2460900.86940972 0.93613166 0.04477179 1.23311 2.5982 11504.069
2460900.86956019 0.9526109 0.04472153 1.23276 2.7213 11513.573
2460900.86971065 0.9973235 0.0456887 1.2324 2.763 11540.471
2460900.86986111 1.0514951 0.04554868 1.23205 2.7461 11527.268
2460900.87 1.0093085 0.04591173 1.23169 2.6047 11513.281
2460900.87015046 0.9941801 0.04510865 1.23134 2.5943 11515.229
2460900.87030093 1.0423487 0.04556322 1.23099 2.5551 11534.788
2460900.87045139 1.0139145 0.04575866 1.23064 2.7406 11546.714
2460900.87060185 0.9780179 0.04530622 1.2303 2.5568 11532.664
2460900.87075232 0.95116794 0.0446939 1.22995 2.5754 11511.085
2460900.87090278 1.0150998 0.04512833 1.2296 2.6259 11518.229
2460900.87104167 1.0223333 0.0455456 1.22926 2.5648 11526.86
2460900.87119213 1.0830554 0.04574953 1.22892 2.6682 11516.756
2460900.87134259 1.0565662 0.04533667 1.22857 2.6144 11481.378
2460900.87149306 1.0142993 0.04563424 1.22823 2.6441 11491.821
2460900.87164352 0.9699903 0.04498241 1.22789 2.5596 11478.446
2460900.87179398 1.0577117 0.04517717 1.22756 2.5678 11459.132
2460900.87194444 1.0312177 0.04550256 1.22722 2.6511 11470.659
2460900.87209491 1.036918 0.0458526 1.22689 2.7821 11454.713
2460900.87224537 1.0388154 0.04568986 1.22655 2.6407 11441.721
2460900.87238426 1.026975 0.04547387 1.22622 2.6606 11455.117
2460900.87253472 0.97161585 0.04558729 1.22589 2.6469 11459.841
2460900.87268519 1.0645165 0.0455539 1.22556 2.6935 11451.894
2460900.87283565 0.97318333 0.04485922 1.22523 2.5785 11466.247
2460900.87298611 1.026397 0.04493272 1.22491 2.5889 11466.041
2460900.87313657 1.1052567 0.04581595 1.22458 2.6269 11462.749
2460900.87328704 1.0246661 0.04544776 1.22426 2.6278 11456.857
2460900.8734375 0.9947157 0.04479908 1.22394 2.7038 11482.994
2460900.87358796 0.97692007 0.04514909 1.22361 2.5756 11462.3
2460900.87372685 1.0715362 0.04556857 1.22329 2.5362 11477.872
2460900.87387731 1.0508919 0.04562355 1.22297 2.6771 11488.542
2460900.87402778 1.0679377 0.04589957 1.22266 2.6594 11494.316
2460900.87417824 1.0720036 0.04563739 1.22234 2.653 11506.058
2460900.8743287 1.0836399 0.0458135 1.22203 2.7585 11497.792
2460900.87447917 1.0421758 0.04581232 1.22171 2.6998 11501.233
2460900.87462963 1.0446769 0.04559751 1.2214 2.5913 11489.924
2460900.87476852 1.0082394 0.04551506 1.22109 2.5909 11495.119
2460900.87491898 1.0803696 0.04578068 1.22078 2.6079 11506.363
2460900.87506944 0.94450533 0.04539115 1.22047 2.6769 11504.887
2460900.87521991 1.060209 0.04611814 1.22017 2.5784 11490.21
2460900.87537037 0.97554314 0.04517554 1.21986 2.6812 11505.024
2460900.87552083 1.0877424 0.04631024 1.21956 2.7103 11504.013
2460900.8756713 0.9983294 0.04563802 1.21925 2.7586 11497.093
2460900.87582176 1.0486904 0.04549566 1.21895 2.5666 11468.091
2460900.87597222 1.0566366 0.04542224 1.21865 2.5473 11477.477
2460900.87611111 1.1106722 0.04644797 1.21835 2.5802 11468.69
2460900.87626157 1.048441 0.0453794 1.21805 2.6759 11466.046
2460900.87641204 1.0257056 0.04565996 1.21776 2.7199 11459.478
2460900.8765625 0.99885255 0.04502342 1.21746 2.5434 11479.948
2460900.87671296 0.98380464 0.04529735 1.21717 2.7667 11478.514
2460900.87686343 0.95562595 0.0451044 1.21688 2.4464 11480.485
2460900.87701389 0.99088085 0.04522935 1.21659 2.7848 11468.165
2460900.87715278 1.0396283 0.04534916 1.2163 2.6828 11475.176
2460900.87730324 1.0157249 0.04525993 1.21601 2.6596 11464.146
2460900.8774537 1.0614917 0.04582944 1.21572 2.7239 11456.279
2460900.87760417 1.0507008 0.04584215 1.21544 2.6744 11456.474
2460900.87775463 1.0626407 0.04568668 1.21515 2.7526 11469.84
2460900.87790509 1.0786539 0.04584316 1.21487 2.6916 11475.809
2460900.87805556 0.9610812 0.04458488 1.21458 2.5859 11473.35
2460900.87820602 1.097365 0.04639703 1.2143 2.6681 11473.602
2460900.87834491 1.0393445 0.04578369 1.21402 2.6804 11475.072
2460900.87849537 1.0164119 0.04587204 1.21374 2.5908 11483.644
2460900.87864583 1.0498183 0.04559388 1.21346 2.5862 11487.376
2460900.8787963 1.0782872 0.04558014 1.21319 2.5697 11470.896
2460900.87894676 1.0110784 0.04579046 1.21291 2.7166 11496.959
2460900.87909722 0.95008487 0.0452297 1.21264 2.7648 11502.299
2460900.87924768 1.0500997 0.04555675 1.21237 2.5163 11511.325
2460900.87938657 1.0318425 0.04606756 1.2121 2.6713 11527.847
2460900.87953704 1.0851917 0.04614656 1.21183 2.5283 11533.142
2460900.8796875 1.0579469 0.04576778 1.21156 2.6552 11536.728
2460900.87983796 1.0446892 0.04604009 1.21129 2.7007 11567.498
2460900.87998843 1.1524787 0.04652514 1.21103 2.6922 11558.867
2460900.88013889 1.0146148 0.04529962 1.21076 2.6089 11568.119
2460900.88028935 0.99303395 0.04558307 1.2105 2.6192 11566.418
2460900.88043981 0.9653921 0.04544547 1.21023 2.6633 11576.452
2460900.8805787 1.0148087 0.04520331 1.20997 2.7286 11560.842
2460900.88072917 1.0216229 0.04529757 1.20971 2.6873 11545.673
2460900.88087963 1.0862374 0.04613195 1.20946 2.6377 11556.812
2460900.88103009 1.0379983 0.04564185 1.2092 2.7026 11568.911
2460900.88118056 1.078454 0.04622898 1.20894 2.6748 11539.986
2460900.88133102 1.012521 0.04524964 1.20868 2.6163 11553.995
2460900.88146991 1.0677435 0.04559325 1.20843 2.6338 11553.227
2460900.88162037 0.99672455 0.04498804 1.20818 2.5268 11539.72
2460900.88177083 1.0254362 0.04462085 1.20793 2.6133 11529.813
2460900.8819213 1.0514545 0.04585689 1.20768 2.6911 11508.299
2460900.88207176 1.0517237 0.04567468 1.20744 2.5749 11522.242
2460900.88222222 1.0456187 0.04598671 1.20719 2.7144 11516.878
2460900.88236111 1.061088 0.04555608 1.20694 2.7329 11509.574
2460900.88252315 1.0486379 0.04581589 1.20669 2.7061 11523.319
2460900.88266204 1.0767711 0.0463844 1.20645 2.7624 11514.824
2460900.8828125 0.9967947 0.04554782 1.20621 2.6558 11496.175
2460900.88296296 0.9691619 0.04558065 1.20596 2.7073 11502.148
2460900.88311343 1.1114448 0.04587974 1.20573 2.6805 11510.25
2460900.88326389 1.1821704 0.04780681 1.20548 2.693 11520.603
2460900.88341435 0.97116613 0.04517784 1.20525 2.717 11512.418
2460900.88355324 1.0384583 0.04565343 1.20501 2.747 11524.992
2460900.8837037 1.0532478 0.04531611 1.20478 2.6838 11516.048
2460900.88385417 0.97131366 0.04516749 1.20455 2.5899 11527.047
2460900.88400463 1.0415756 0.04552349 1.20431 2.7302 11537.668
2460900.88415509 1.0220842 0.0452528 1.20408 2.6022 11523.667
2460900.88430556 1.0374545 0.04563196 1.20385 2.6773 11539.36
2460900.88444444 1.0270346 0.04489673 1.20363 2.6337 11544.948
2460900.88459491 1.0718462 0.04591061 1.2034 2.6229 11539.799
2460900.88474537 1.0539734 0.04524349 1.20317 2.6608 11545.2
2460900.88489583 1.0315673 0.04557896 1.20294 2.6408 11552.799
2460900.8850463 1.0212357 0.04605307 1.20272 2.67 11531.155
2460900.88519676 1.1202592 0.0459663 1.20249 2.5908 11532.521
2460900.88534722 0.9895186 0.04532069 1.20227 2.6821 11547.199
2460900.88549769 1.0508962 0.04541242 1.20205 2.7384 11524.207
2460900.88563657 1.0762616 0.04557724 1.20183 2.5489 11527.913
2460900.88578704 1.1146711 0.04610732 1.20161 2.6083 11530.778
2460900.8859375 1.0662854 0.04562262 1.2014 2.7433 11520.499
2460900.88608796 0.9801236 0.0449665 1.20118 2.6863 11507.247
2460900.88623843 1.1069876 0.04560816 1.20097 2.6174 11507.504
2460900.88638889 1.0247308 0.04484311 1.20075 2.6684 11515.246
2460900.88652778 1.0336832 0.04531619 1.20054 2.6243 11513.987
2460900.88667824 1.0186489 0.04509493 1.20033 2.6408 11500.856
2460900.8868287 1.0310698 0.04517887 1.20012 2.6447 11486.218
2460900.88697917 1.0726737 0.04521637 1.19991 2.6538 11496.86
2460900.88712963 1.0503591 0.0457989 1.1997 2.6584 11496.394
2460900.88728009 1.0590334 0.04529567 1.1995 2.7479 11477.525
2460900.88743056 1.0627012 0.04549988 1.19929 2.443 11474.088
2460900.88758102 0.9476916 0.0444342 1.19909 2.6494 11454.459
2460900.88771991 1.0683541 0.04554855 1.19889 2.7301 11453.189
2460900.88787037 1.0092244 0.04505392 1.19869 2.6323 11462.826
2460900.88802083 1.04192 0.04606495 1.19849 2.6435 11461.108
2460900.8881713 1.1398574 0.04596016 1.19828 2.587 11461.803
2460900.88832176 1.0418859 0.04475395 1.19809 2.6024 11460.523
2460900.88847222 1.0122347 0.04507998 1.19789 2.6609 11474.365
2460900.88861111 1.0247778 0.04517735 1.1977 2.6797 11456.368
2460900.88876157 1.0192776 0.0449172 1.1975 2.6025 11479.6
2460900.88891204 1.0521806 0.04554288 1.19731 2.6976 11474.347
2460900.8890625 1.0687045 0.04548059 1.19712 2.6314 11490.479
2460900.88921296 1.0449157 0.04511265 1.19693 2.642 11487.455
2460900.88936343 1.0384579 0.04541694 1.19674 2.588 11478.905
2460900.88951389 1.0442281 0.04509467 1.19655 2.6695 11495.091
2460900.88966435 1.0173371 0.04556188 1.19636 2.6778 11504.219
2460900.88980324 1.0668229 0.04562563 1.19618 2.5957 11490.082
2460900.8899537 1.0313684 0.04508457 1.19599 2.596 11503.305
2460900.89010417 1.0043691 0.04508567 1.19581 2.6142 11491.778
2460900.89025463 1.1480873 0.046048 1.19563 2.5935 11496.652
2460900.89040509 1.0950437 0.04573394 1.19545 2.714 11506.937
2460900.89055556 1.007524 0.04532348 1.19527 2.6637 11504.412
2460900.89070602 1.0209278 0.04504428 1.19509 2.6688 11482.005
2460900.89084491 1.0641735 0.04668864 1.19491 2.7561 11485.418
2460900.89099537 1.0316375 0.0454324 1.19474 2.7166 11456.002
2460900.89114583 1.0068505 0.04549087 1.19456 2.5931 11470.946
2460900.8912963 1.0963974 0.0459663 1.19439 2.6956 11468.745
2460900.89144676 1.0584859 0.04544669 1.19421 2.5775 11453.69
2460900.89159722 1.0612717 0.04525838 1.19404 2.6673 11459.014
2460900.89174769 1.086256 0.04600458 1.19387 2.8139 11462.961
2460900.89189815 1.0322219 0.04566218 1.19369 2.7868 11464.524
2460900.89203704 1.05261 0.04560243 1.19353 2.7416 11484.086
2460900.8921875 1.1170431 0.0459919 1.19336 2.7486 11486.198
2460900.89233796 1.044835 0.04551808 1.1932 2.6644 11488.694
2460900.89248843 1.0346764 0.04556782 1.19303 2.7425 11480.908
2460900.89263889 1.0294132 0.0457161 1.19287 2.7065 11485.575
2460900.89278935 1.0456868 0.04529385 1.1927 2.5797 11480.062
2460900.89292824 1.0563151 0.04530798 1.19254 2.6943 11494.964
2460900.8930787 1.0171611 0.04484886 1.19238 2.5618 11506.604
2460900.89322917 1.0577691 0.04551216 1.19222 2.6575 11522.352
2460900.89337963 1.0834843 0.04500822 1.19206 2.6233 11524.204
2460900.89353009 1.0571331 0.04513072 1.19191 2.7244 11516.223
2460900.89368056 1.1161469 0.04584426 1.19175 2.68 11546.025
2460900.89383102 1.0603007 0.04524398 1.1916 2.6632 11544.144
2460900.89398148 1.0983967 0.04627233 1.19144 2.7265 11559.182
2460900.89412037 1.0795289 0.04557974 1.19129 2.6723 11553.486
2460900.89427083 1.1048259 0.04558068 1.19114 2.7755 11559.005
2460900.8944213 1.0943911 0.04580609 1.19099 2.6066 11567.395
2460900.89457176 0.97117126 0.04586346 1.19084 2.6741 11584.427
2460900.89472222 1.0444264 0.04529238 1.19069 2.7498 11590.165
2460900.89487268 1.0869116 0.04622014 1.19055 2.8553 11597.16
2460900.89501157 1.0611664 0.04533904 1.1904 2.6905 11610.343
2460900.89516204 1.0257987 0.04524121 1.19026 2.5916 11603.969
2460900.8953125 1.0227357 0.04546109 1.19011 2.6413 11615.567
2460900.89546296 1.150218 0.04600382 1.18997 2.742 11599.226
2460900.89561343 1.0221827 0.04522618 1.18984 2.7613 11606.428
2460900.89576389 1.0629605 0.0451368 1.18969 2.6091 11574.914
2460900.89591435 1.0405692 0.04544904 1.18955 2.6348 11586.606
2460900.89606481 1.0316805 0.04491636 1.18942 2.6962 11566.46
2460900.8962037 1.0313334 0.04537269 1.18928 2.6239 11574.905
2460900.89635417 1.0000379 0.04464834 1.18915 2.5742 11570.771
2460900.89650463 0.9941853 0.04504116 1.18901 2.7235 11560.599
2460900.89665509 1.0967121 0.0459752 1.18888 2.7922 11526.737
2460900.89680556 1.0191774 0.04602552 1.18875 2.784 11563.027
2460900.89695602 1.0913459 0.04630334 1.18862 2.7834 11538.018
2460900.89710648 1.1113656 0.04626007 1.18849 2.794 11545.425
2460900.89724537 1.1219174 0.04592054 1.18836 2.6639 11541.084
2460900.89739583 1.0433173 0.04560117 1.18823 2.7377 11542.386
2460900.8975463 0.96759135 0.0449846 1.18811 2.655 11547.06
2460900.89769676 1.1326499 0.0462581 1.18798 2.5917 11560.684
2460900.89784722 1.0797498 0.04536117 1.18786 2.7063 11545.056
2460900.89799768 1.0682276 0.04566761 1.18774 2.6121 11539.835
2460900.89814815 1.1503296 0.04674615 1.18761 2.7452 11554.914
2460900.89829861 1.0758009 0.04618601 1.18749 2.5536 11571.845
2460900.89844907 1.0450181 0.0458112 1.18737 2.7224 11574.988
2460900.89858796 1.1373802 0.0468369 1.18725 2.7766 11572.793
2460900.89873843 1.0927302 0.04539029 1.18714 2.621 11572.3
2460900.89888889 1.0465878 0.04491594 1.18702 2.636 11583.729
2460900.89903935 1.0388302 0.04515748 1.18691 2.5509 11607.02
2460900.89918981 1.0949788 0.04600213 1.18679 2.6615 11584.236
2460900.89934028 0.9896688 0.04546519 1.18668 2.7384 11576.797
2460900.89949074 1.0131723 0.04485937 1.18657 2.7209 11600.397
2460900.89962963 0.96301407 0.04488975 1.18646 2.6672 11575.527
2460900.89978009 1.0614343 0.04527726 1.18635 2.7414 11588.459
2460900.89993056 1.0278437 0.04528709 1.18624 2.7158 11602.802
2460900.90008102 1.0737851 0.04530389 1.18614 2.6694 11583.587
2460900.90023148 1.0213257 0.04521201 1.18603 2.705 11605.662
2460900.90038194 1.0895241 0.04618744 1.18592 2.7503 11621.034
2460900.90053241 1.1123981 0.04609754 1.18582 2.78 11598.342
2460900.9006713 1.0488243 0.04575942 1.18572 2.7537 11618.262
2460900.90082176 1.0590612 0.04594583 1.18562 2.6573 11614.144
2460900.90097222 1.1017838 0.0461034 1.18552 2.6451 11609.939
2460900.90112269 0.98295975 0.04540098 1.18542 2.6763 11592.266
2460900.90127315 1.045922 0.04552614 1.18532 2.5859 11594.356
2460900.90142361 1.0637962 0.04554893 1.18523 2.7183 11598.131
2460900.90157407 0.9904986 0.04481748 1.18513 2.7096 11593.911
2460900.90171296 1.1145456 0.0457345 1.18504 2.795 11606.309
2460900.90186343 1.0275897 0.04565843 1.18494 2.711 11570.612
2460900.90201389 1.1323085 0.04595217 1.18485 2.7237 11574.164
2460900.90216435 1.0888224 0.04569693 1.18476 2.7841 11581.895
2460900.90231481 1.0884122 0.04569736 1.18467 2.6652 11565.434
2460900.90246528 1.0758518 0.04602086 1.18458 2.7134 11593.146
2460900.90261574 1.0721304 0.04622915 1.18449 2.8702 11594.582
2460900.9027662 1.0969954 0.04566532 1.18441 2.6314 11575.865
2460900.90290509 1.0083481 0.04494601 1.18432 2.7111 11578.999
2460900.90305556 0.9783059 0.04516684 1.18424 2.7269 11573.697
2460900.90320602 1.1086847 0.04552516 1.18416 2.7228 11590.267
2460900.90335648 1.0903435 0.04554853 1.18408 2.7403 11580.773
2460900.90350694 1.0430996 0.04576089 1.184 2.7056 11598.444
2460900.90365741 1.0988684 0.04537827 1.18391 2.7185 11594.25
2460900.90380787 1.0735456 0.04513088 1.18384 2.7706 11588.876
2460900.90394676 1.1005037 0.04599641 1.18376 2.6356 11578.06
2460900.90409722 1.1058346 0.04591477 1.18368 2.5981 11599.678
2460900.90424769 1.0689882 0.04596304 1.1836 2.8179 11595.842
2460900.90439815 1.1429435 0.0464644 1.18353 2.6762 11596.397
2460900.90454861 1.1278603 0.04667774 1.18346 2.7939 11606.296
2460900.90469907 1.0408578 0.04575068 1.18339 2.7032 11605.942
2460900.90484954 1.0689592 0.04607305 1.18331 2.7464 11605.423
2460900.905 1.1053442 0.04547727 1.18325 2.658 11592.479
2460900.90513889 1.0736948 0.04579787 1.18318 2.7733 11593.624
2460900.90528935 1.1592796 0.04691975 1.18311 2.8255 11597.613
2460900.90543982 1.0914004 0.04604294 1.18304 2.6999 11590.868
2460900.90559028 1.0395898 0.04571813 1.18298 2.7106 11600.741
2460900.90574074 1.0689404 0.04584663 1.18291 2.7192 11617.131
2460900.9058912 1.0482464 0.04512451 1.18285 2.5943 11621.126
2460900.90604167 1.1215391 0.04600836 1.18279 2.7503 11604.093
2460900.90618056 1.087198 0.04581122 1.18273 2.8036 11626.337
2460900.90633102 1.0333945 0.0456385 1.18267 2.7497 11610.345
2460900.90648148 1.167534 0.04628527 1.18261 2.7178 11626.312
2460900.90663194 1.0761187 0.04605816 1.18255 2.7543 11634.114
2460900.90678241 1.1229007 0.04619036 1.1825 2.7299 11639.379
2460900.90693287 1.1058544 0.04628033 1.18244 2.7907 11637.551
2460900.90708333 1.0701255 0.04585595 1.18238 2.71 11659.237
2460900.9072338 1.4086027 0.04720361 1.18233 2.6804 11661.078
2460900.90737269 1.1870626 0.04673078 1.18228 2.6026 11652.066
2460900.90752315 1.0428717 0.04578817 1.18223 2.7907 11649.234
2460900.90767361 1.0486953 0.04560139 1.18218 2.6964 11653.55
2460900.90782407 1.0881182 0.04587591 1.18213 2.6621 11652.121
2460900.90797454 1.085258 0.04587112 1.18208 2.8281 11653.896
2460900.908125 1.0159419 0.04538075 1.18203 2.6578 11651.057
2460900.90826389 1.0841389 0.04608422 1.18199 2.7344 11621.77
2460900.90841435 1.1416986 0.04632454 1.18194 2.7103 11654.466
2460900.90856481 1.1562827 0.04642808 1.1819 2.682 11637.253
2460900.90871528 1.0811356 0.04616466 1.18186 2.6261 11643.489
2460900.90886574 1.1065937 0.04593555 1.18182 2.712 11640.649
2460900.9090162 1.0707386 0.04673194 1.18178 2.7248 11668.531
2460900.90916667 1.1367469 0.04625413 1.18174 2.7951 11674.0
2460900.90931713 1.0312831 0.04603406 1.1817 2.7445 11705.171
2460900.90945602 1.1405753 0.04806144 1.18166 2.6693 11680.746
2460900.90960648 1.1005497 0.0467657 1.18163 2.7406 11698.005
2460900.90975694 1.129226 0.04612932 1.18159 2.7828 11662.86
2460900.90990741 1.1373912 0.04640583 1.18156 2.6443 11660.604
2460900.91005787 1.0863642 0.04649508 1.18153 2.6867 11652.176
2460900.91020833 1.0983618 0.0458448 1.1815 2.782 11650.382
2460900.9103588 1.0784283 0.04653383 1.18147 2.6678 11662.748
2460900.91049768 1.0660276 0.04626772 1.18144 2.726 11684.942
2460900.91064815 1.1712984 0.04765109 1.18141 2.7549 11724.882
2460900.91079861 1.1100829 0.04670228 1.18138 2.7438 11757.282
2460900.91094907 1.0354681 0.04583125 1.18136 2.6522 11782.16
2460900.91109954 1.1167806 0.04621763 1.18134 2.7045 11779.065
2460900.91125 1.0726109 0.04603392 1.18131 2.7686 11753.5
2460900.91138889 1.0872022 0.04568373 1.18129 2.6405 11761.818
2460900.91153935 1.0579511 0.04613078 1.18127 2.7971 11731.632
2460900.91168981 1.1128142 0.04649335 1.18125 2.8474 11742.13
2460900.91184028 1.1291176 0.04595941 1.18123 2.65 11756.731
2460900.91199074 1.1015376 0.04603615 1.18121 2.7338 11755.795
2460900.9121412 1.0351071 0.04556932 1.18119 2.7872 11766.37
2460900.91229167 1.0407894 0.04525327 1.18118 2.8154 11765.918
2460900.91244213 1.0857364 0.04589428 1.18117 2.7545 11782.26
2460900.91258102 1.1225893 0.04589275 1.18115 2.7485 11776.387
2460900.91273148 1.0258895 0.04565789 1.18114 2.6734 11778.422
2460900.91288194 1.0575924 0.04508606 1.18113 2.6904 11774.944
2460900.91303241 1.0790629 0.04577332 1.18112 2.7153 11766.624
2460900.91318287 1.1156482 0.0458421 1.18111 2.7975 11785.306
2460900.91333333 1.0192484 0.04540272 1.1811 2.6901 11799.462
2460900.9134838 0.9747905 0.04506175 1.18109 2.6756 11820.776
2460900.91362268 1.0792422 0.04561967 1.18109 2.4694 11847.695
2460900.91377315 1.1256051 0.04640787 1.18108 2.7187 11822.758
2460900.91392361 1.0781826 0.04563797 1.18108 2.688 11819.104
2460900.91407407 1.0660821 0.04581576 1.18108 2.7073 11834.53
2460900.91422454 1.0587813 0.0456364 1.18108 2.6916 11800.132
2460900.914375 1.0280663 0.04503239 1.18108 2.7556 11797.119
2460900.91452546 1.0006536 0.04506763 1.18108 2.6909 11793.486
2460900.91466435 1.064872 0.04551798 1.18108 2.6937 11827.939
2460900.91481481 1.1112245 0.04654773 1.18108 2.5433 11838.963
2460900.91496528 1.0758979 0.04611961 1.18109 2.7697 11860.035
2460900.91511574 1.0545652 0.04558128 1.18109 2.7681 11864.819
2460900.9152662 1.1018339 0.04626526 1.1811 2.5523 11844.721
2460900.91541667 1.0943692 0.04594725 1.18111 2.7327 11806.707
2460900.91556713 1.0612731 0.04595574 1.18112 2.7009 11793.373
2460900.91570602 1.0680631 0.04558523 1.18113 2.5933 11790.494
2460900.91585648 1.1965417 0.046576 1.18114 2.7903 11809.644
2460900.91600694 1.0550706 0.04604154 1.18115 2.8246 11804.84
2460900.91615741 1.1238854 0.04644472 1.18116 2.8158 11821.869
2460900.91630787 1.0872612 0.04627577 1.18118 2.8011 11831.936
2460900.91645833 1.0494009 0.04615175 1.18119 2.818 11845.608
2460900.9166088 1.1121505 0.04610686 1.18121 2.7731 11846.929
2460900.91675926 1.1170789 0.04713681 1.18122 2.6683 11854.99
2460900.91689815 1.0986105 0.04679333 1.18124 2.7738 11903.591
2460900.91704861 1.0502454 0.04602379 1.18126 2.8376 11900.116
2460900.91719907 1.0632633 0.04593414 1.18128 2.7283 11887.037
2460900.91734954 1.0688123 0.04586655 1.18131 2.6347 11915.878
2460900.9175 1.0892143 0.04644939 1.18133 2.769 11928.277
2460900.91765046 1.0965949 0.04691397 1.18135 2.7627 11971.662
2460900.91780093 1.1119745 0.0463445 1.18138 2.7249 11942.817
2460900.91793981 1.0471003 0.04591203 1.1814 2.7267 11939.135
2460900.91809028 1.0645151 0.04629833 1.18143 2.6782 12028.036
2460900.91824074 1.1303583 0.04639501 1.18146 2.6482 12021.918
2460900.9183912 1.066411 0.04641542 1.18149 2.7827 12031.342
2460900.91854167 1.1247505 0.04686942 1.18153 2.7482 12034.47
2460900.91869213 1.1955017 0.04758582 1.18156 2.7928 12071.645
2460900.91884259 1.1277719 0.04673784 1.18159 2.8366 12072.032
2460900.91899306 1.0354156 0.04591184 1.18162 2.7016 12077.048
2460900.91913194 1.0996518 0.04619238 1.18166 2.7632 12103.753
2460900.91928241 1.0773728 0.04665667 1.18169 2.7071 12123.47
2460900.91943287 1.1431568 0.0470828 1.18173 2.7696 12140.268
2460900.91958333 1.1233474 0.04694139 1.18177 2.7673 12167.222
2460900.9197338 1.1289345 0.0470984 1.18181 2.6917 12185.551
2460900.91988426 1.1439515 0.04752416 1.18185 2.6376 12193.161
2460900.92002315 1.106818 0.04705497 1.18189 2.7045 12222.973
2460900.92017361 1.0915836 0.04705168 1.18193 2.8401 12234.548
2460900.92032407 1.035156 0.04661714 1.18198 2.718 12261.793
2460900.92047454 1.0609845 0.04716593 1.18203 2.7651 12290.521
2460900.920625 1.0934693 0.04653641 1.18207 2.6825 12323.744
2460900.92077546 1.0515302 0.04694764 1.18212 2.8066 12359.276
2460900.92092593 1.1009833 0.04710284 1.18216 2.7733 12333.992
2460900.92107639 1.0442069 0.04712663 1.18221 2.643 12340.337
2460900.92121528 1.0528941 0.04746014 1.18226 2.776 12400.228
2460900.92136574 1.1383592 0.04771772 1.18232 2.7204 12426.866
2460900.9215162 1.08806 0.04725304 1.18237 2.7377 12453.199
2460900.92166667 1.053795 0.04727351 1.18242 2.7884 12473.792
2460900.92181713 1.094496 0.04813338 1.18248 2.7482 12517.695
2460900.92196759 1.1655726 0.04780548 1.18254 2.7358 12541.074
2460900.92211806 1.1146913 0.04788161 1.18259 2.8002 12589.974
2460900.92225694 1.1034913 0.04753561 1.18265 2.5951 12621.895
2460900.92240741 1.1265681 0.04828358 1.18271 2.7374 12660.548
