BJD FluxNorm FluxNormErr Airmass FWHM_TL SkyBg
2460900.7706713 1.0344899 0.05646538 1.97548 2.5503 36201.13
2460900.77090278 1.077229 0.05765352 1.98216 2.2108 36105.004
2460900.77105324 1.1114165 0.05794 1.97958 2.2364 36024.797
2460900.7712037 1.0631328 0.05765346 1.97701 2.2762 35995.35
2460900.77134259 1.0384218 0.05747507 1.97443 2.232 35946.727
2460900.77149306 1.0551151 0.05657004 1.97187 2.3099 35904.55
2460900.77164352 1.0066309 0.05626909 1.96932 2.1317 35926.516
2460900.77179398 1.0530598 0.05630523 1.96678 2.247 35795.945
2460900.77194444 1.0039144 0.0561823 1.96426 2.1916 35774.96
2460900.77208333 1.0718092 0.05693233 1.96172 2.2197 35733.906
2460900.7722338 0.98244894 0.05513205 1.95922 2.2471 35734.246
2460900.77238426 1.0604911 0.0562403 1.95672 2.3689 35686.56
2460900.77253472 1.0568438 0.05599046 1.95421 2.1358 35717.3
2460900.77268519 1.0219257 0.05551014 1.95174 2.2371 35712.027
2460900.77282407 1.0520746 0.05602903 1.94925 2.3798 35667.383
2460900.77297454 1.0439111 0.05536093 1.94678 2.2743 35650.92
2460900.773125 1.0397962 0.05523499 1.94428 2.2578 35650.78
2460900.77327546 1.0037287 0.05484976 1.94184 2.2007 35700.902
2460900.77342593 1.0319378 0.0554485 1.93939 2.2425 35557.176
2460900.77357639 1.0453197 0.05528277 1.93694 2.2298 35609.668
2460900.77371528 0.98707575 0.05396056 1.93451 2.1739 35487.465
2460900.77386574 1.0273947 0.05451486 1.93208 2.3946 35513.758
2460900.7740162 0.9579072 0.05394478 1.92966 2.0986 35463.383
2460900.77416667 1.0351305 0.05476533 1.92727 2.119 35375.617
2460900.77430556 1.0451461 0.05407537 1.92487 2.2431 35306.656
2460900.77445602 1.0215924 0.05360341 1.92249 2.1337 35288.633
2460900.77460648 1.0243552 0.05364864 1.92009 2.2366 35249.45
2460900.77475694 1.0236944 0.05376112 1.91773 2.2754 35234.668
2460900.77490741 1.0431471 0.05394564 1.91538 2.2313 35188.934
2460900.7750463 1.0364261 0.05360751 1.91301 2.2069 35148.445
2460900.77519676 1.0271757 0.05396604 1.91065 2.1838 35171.465
2460900.77534722 1.0071678 0.05304712 1.90827 2.2701 35107.438
2460900.77549769 1.0134676 0.05217488 1.90595 2.2475 35115.85
2460900.77564815 1.0365722 0.05328878 1.90362 2.239 35073.15
2460900.77578704 1.0319157 0.05244557 1.9013 2.2536 35026.918
2460900.7759375 1.0427935 0.05259823 1.89899 2.257 34953.246
2460900.77608796 1.07064 0.0530544 1.89668 2.1175 34938.812
2460900.77623843 1.0365933 0.0524816 1.89439 2.379 34842.344
2460900.77637731 1.0733396 0.05302859 1.89211 2.3689 34806.4
2460900.77652778 1.0646067 0.05267572 1.88983 2.2126 34787.625
2460900.77667824 1.0210387 0.05168219 1.88754 2.242 34722.086
2460900.7768287 0.9587657 0.05146629 1.88526 2.0111 34655.02
2460900.77697917 0.9965333 0.05119761 1.883 2.1191 34580.137
2460900.77711806 0.97829527 0.05072013 1.88074 2.2366 34531.082
2460900.77726852 1.0197911 0.05116408 1.8785 2.2274 34584.594
2460900.77741898 0.9842574 0.05104982 1.87625 2.257 34531.547
2460900.77756944 1.02043 0.05102622 1.87398 2.1766 34444.36
2460900.77771991 1.015147 0.05040817 1.87175 2.2872 34394.074
2460900.77787037 1.0735116 0.05183962 1.86954 2.1708 34443.125
2460900.77800926 1.0436444 0.05114222 1.86732 2.2383 34357.69
2460900.77815972 1.0345467 0.05056956 1.86511 2.2763 34330.04
2460900.77831019 1.0153619 0.05033641 1.86291 2.3767 34237.586
2460900.77846065 1.0360261 0.05000019 1.86072 2.3754 34150.367
2460900.77861111 1.0250262 0.05042442 1.85853 2.4879 34109.94
2460900.77875 1.0132933 0.05032845 1.85635 2.2749 34059.145
2460900.77890046 1.047377 0.050602 1.85418 2.2938 34045.18
2460900.7790625 1.0199882 0.04964132 1.85202 2.3357 33974.684
2460900.77921296 1.0108045 0.04999633 1.84986 2.2585 34007.17
2460900.77936343 1.026042 0.04937076 1.8477 2.2424 33941.77
2460900.77950231 1.0312178 0.04951189 1.84557 2.2807 33955.598
2460900.77965278 1.0186648 0.04970119 1.84344 2.3031 33939.07
2460900.77980324 1.0249779 0.04939229 1.84128 2.1893 33945.625
2460900.7799537 0.9795801 0.04891694 1.83916 2.1182 33974.15
2460900.78010417 0.99423516 0.04883298 1.83704 2.1486 33930.855
2460900.78024306 0.96536976 0.0484536 1.83494 2.1869 33903.71
2460900.78039352 1.0114491 0.04913201 1.83283 2.2278 33886.445
2460900.78054398 1.0244783 0.04928317 1.83074 2.3073 33878.266
2460900.78069444 1.0430841 0.0484584 1.82865 2.3189 33778.51
2460900.78084491 0.99796295 0.04822207 1.82656 2.1982 33752.53
2460900.7809838 1.0496975 0.04892359 1.82448 2.2309 33734.46
2460900.78113426 1.0442675 0.04826105 1.82242 2.193 33740.887
2460900.78128472 1.0502304 0.04830151 1.82036 2.1824 33703.36
2460900.78143519 1.0116025 0.0482997 1.81829 2.0962 33712.61
2460900.78158565 1.0632339 0.04842576 1.81623 2.212 33711.87
2460900.78172454 0.9900092 0.0475164 1.81418 2.179 33717.953
2460900.781875 1.0096546 0.04773648 1.81215 2.2448 33687.418
2460900.78202546 1.0306948 0.04822949 1.81007 2.2071 33685.297
2460900.78217593 0.9999933 0.04795091 1.80805 2.3658 33727.31
2460900.78232639 1.0185003 0.04765931 1.80603 2.1816 33707.3
2460900.78247685 1.0511335 0.0481907 1.80402 2.2061 33739.46
2460900.78261574 1.0362202 0.04807953 1.80201 2.222 33709.598
2460900.7827662 1.0762398 0.04816731 1.80001 2.2625 33674.39
2460900.78291667 1.0365065 0.0478831 1.79801 2.2412 33661.605
2460900.78306713 0.99393433 0.04689603 1.79601 2.2579 33607.062
2460900.78321759 1.0410954 0.04748857 1.79402 2.2492 33590.863
2460900.78335648 1.0252157 0.04707633 1.79204 2.2152 33500.75
2460900.78350694 1.0535508 0.04736508 1.79008 2.1991 33472.2
2460900.78365741 1.0362103 0.0473165 1.78811 2.3173 33383.375
2460900.78380787 1.0300583 0.04636857 1.78615 2.1539 33337.137
2460900.78395833 1.0478007 0.04703531 1.78419 2.2437 33271.668
2460900.78409722 1.0437212 0.04707002 1.78225 2.316 33236.285
2460900.78424769 1.0213602 0.04637327 1.78027 2.2213 33187.68
2460900.78439815 0.9821231 0.04593462 1.77834 2.1766 33136.984
2460900.78454861 1.0358027 0.04636745 1.77642 2.3077 33179.914
2460900.78469907 1.0341579 0.04639874 1.7745 2.3232 33145.18
2460900.78483796 1.0417886 0.04645783 1.77258 2.3252 33101.11
2460900.78498843 1.0153544 0.0455984 1.77067 2.0522 33107.266
2460900.78513889 1.0090816 0.04611621 1.76877 2.0459 33055.59
2460900.78528935 1.0389551 0.04610733 1.76687 2.0699 33066.348
2460900.78543981 1.0111686 0.04597606 1.76496 2.2588 33044.88
2460900.7855787 1.0030061 0.04560285 1.76307 2.3404 33044.832
2460900.78572917 1.0282472 0.0453741 1.7612 2.3852 32995.844
2460900.78587963 0.9996649 0.04522487 1.75931 2.3821 32903.125
2460900.78603009 0.99059606 0.04513539 1.75745 2.1783 32925.566
2460900.78618056 1.0547026 0.04567616 1.75557 2.0721 32835.96
2460900.78631944 1.072073 0.04546119 1.75372 2.134 32828.348
2460900.78646991 0.9856711 0.04474946 1.75183 2.1905 32741.83
2460900.78662037 1.0265617 0.04513624 1.74999 2.2726 32791.793
2460900.78677083 1.0052209 0.04485958 1.74815 2.1917 32721.3
2460900.7869213 0.9769111 0.04473511 1.74632 2.3135 32701.887
2460900.78706019 1.0069187 0.04492927 1.74449 2.2629 32724.62
2460900.78721065 0.9870769 0.04427929 1.74265 2.1269 32642.799
2460900.78736111 1.0454878 0.04501414 1.74083 2.2637 32650.975
2460900.78751157 1.0574596 0.04481592 1.73901 2.1892 32643.703
2460900.78766204 1.007089 0.04448317 1.7372 1.9978 32586.635
2460900.78780093 1.0553627 0.04425074 1.73539 2.1638 32523.068
2460900.78795139 0.9868678 0.04395064 1.73359 2.2246 32528.28
2460900.78810185 1.0444791 0.04428306 1.73179 2.1512 32487.344
2460900.78825232 1.0126551 0.04437501 1.73 2.1148 32453.729
2460900.78840278 1.0081707 0.04378004 1.72821 2.0492 32454.236
2460900.78854167 1.0045948 0.04370427 1.72644 2.2109 32401.473
2460900.78869213 0.99293965 0.04354191 1.72465 2.2112 32366.057
2460900.78885417 0.97059375 0.04320797 1.72271 2.2192 32353.73
2460900.78900463 1.0378846 0.04385704 1.72095 2.3692 32262.182
2460900.78915509 1.0217211 0.0435074 1.71919 2.2112 32272.725
2460900.78930556 0.9847295 0.04279952 1.71744 2.1902 32276.018
2460900.78944444 1.0314339 0.0437777 1.71569 2.1407 32224.434
2460900.78959491 0.9993628 0.04308011 1.71396 2.1743 32164.95
2460900.78974537 0.99938005 0.04293938 1.71222 2.2868 32139.367
2460900.78989583 1.0310884 0.04281315 1.71048 2.4887 32088.213
2460900.7900463 1.0162753 0.04273533 1.70877 2.1564 32078.057
2460900.79018519 1.0000906 0.04280673 1.70703 2.2001 31981.291
2460900.79033565 1.0013002 0.04274468 1.70533 2.3803 32015.422
2460900.79048611 1.0245694 0.04280322 1.70361 2.1436 31974.914
2460900.79063657 0.9980664 0.0424756 1.70191 2.1152 31984.84
2460900.79078704 1.0288682 0.042565 1.7002 2.2814 31948.578
2460900.7909375 1.0091847 0.04246991 1.69848 2.1331 31929.162
2460900.79107639 0.98484665 0.04224993 1.69681 2.1897 31975.678
2460900.79122685 1.0278928 0.04287159 1.69512 2.4002 31934.945
2460900.79137731 0.9991491 0.0423408 1.69344 2.1638 31854.375
2460900.79152778 1.0103158 0.04206817 1.69177 2.2001 31892.182
2460900.79166667 1.0336412 0.0422595 1.69009 2.2423 31888.107
2460900.79181713 1.0655345 0.04258025 1.68843 2.1728 31853.064
2460900.79196759 0.9702756 0.04161911 1.68678 2.3721 31808.66
2460900.79211806 1.0254934 0.04181021 1.68512 2.2708 31759.535
2460900.79226852 0.9884321 0.04158213 1.68346 2.3526 31743.77
2460900.79240741 0.9950201 0.04131749 1.68182 2.4935 31681.426
2460900.79255787 1.0233182 0.04152589 1.68017 2.1542 31646.088
2460900.79270833 1.0504912 0.04196822 1.67854 2.2041 31581.17
2460900.7928588 1.0628867 0.0419848 1.67689 2.2031 31556.037
2460900.79300926 1.0219442 0.04160738 1.67528 2.2546 31495.863
2460900.79315972 1.0225399 0.04127976 1.67362 2.1685 31543.996
2460900.79329861 1.0154377 0.0414909 1.67201 2.3693 31491.2
2460900.79344907 1.017358 0.04164153 1.67039 2.3028 31482.635
2460900.79359954 1.0076482 0.04118483 1.66879 2.1488 31415.695
2460900.79376157 1.0451255 0.04167955 1.66702 2.2262 31378.92
2460900.79391204 1.0739273 0.04176286 1.66542 2.3323 31441.754
2460900.79405093 0.9971589 0.04071944 1.66383 2.3386 31403.93
2460900.79420139 1.001704 0.04077252 1.66225 2.2492 31438.568
2460900.79435185 1.0384831 0.04103487 1.66066 2.2463 31414.896
2460900.79450231 1.019138 0.04048127 1.65907 2.3028 31383.727
2460900.79465278 0.98247594 0.04008764 1.65749 2.1812 31395.914
2460900.79479167 1.0292898 0.04051785 1.65592 2.2051 31336.906
2460900.79494213 0.9839299 0.03972736 1.65435 2.4123 31290.367
2460900.79509259 0.990157 0.04035489 1.6528 2.2563 31253.994
2460900.79524306 1.0192685 0.04033238 1.65123 2.1213 31225.914
2460900.79539352 1.0389818 0.04051809 1.64966 2.1785 31208.352
2460900.79554398 1.000704 0.04036149 1.64812 2.2855 31180.602
2460900.79568287 1.0640866 0.04061378 1.64657 2.265 31137.648
2460900.79583333 0.99605256 0.03985176 1.64503 2.3336 31071.682
2460900.7959838 0.99216723 0.0397384 1.64349 2.3516 31000.164
2460900.79613426 1.0069808 0.04006462 1.64196 2.2084 30953.223
2460900.79628472 0.9955214 0.03967487 1.64044 2.1569 30971.723
2460900.79642361 1.0446568 0.04016491 1.63892 2.2269 30909.775
2460900.79657407 1.0142791 0.03966934 1.63739 2.3424 30942.697
2460900.79672454 1.0151182 0.03962936 1.63588 2.3321 30868.395
2460900.796875 0.9956908 0.03939479 1.63436 2.1779 30860.578
2460900.79702546 1.0292244 0.03957794 1.63286 2.288 30752.248
2460900.79716435 1.0205992 0.03942824 1.63136 2.2877 30765.762
2460900.79731481 1.0169398 0.03949115 1.62986 2.2765 30762.479
2460900.79746528 1.0286192 0.03945494 1.62837 2.1864 30790.973
2460900.79761574 1.0114596 0.03938144 1.62685 2.3619 30781.588
2460900.7977662 0.9891211 0.03900762 1.62536 2.2188 30746.922
2460900.79790509 1.0003061 0.03898144 1.62388 2.1786 30704.049
2460900.79805556 1.0231624 0.03942573 1.62241 2.4334 30701.389
2460900.79820602 0.9876961 0.03881353 1.62093 2.2147 30697.889
2460900.79835648 0.99397165 0.03874334 1.61947 2.1722 30654.518
2460900.79850694 1.018012 0.0388705 1.61801 2.33 30595.227
2460900.79864583 0.9960658 0.03887685 1.61655 2.292 30658.842
2460900.7987963 0.9722379 0.03869597 1.61509 2.2024 30615.492
2460900.79894676 1.0071697 0.03841963 1.61364 2.3118 30600.92
2460900.79909722 1.0109206 0.03849604 1.6122 2.4126 30521.842
2460900.79924769 1.0057752 0.03869703 1.61075 2.2289 30500.402
2460900.79938657 0.97824365 0.03830587 1.6093 2.2165 30470.238
2460900.79953704 0.9814495 0.03796709 1.60787 2.225 30459.086
2460900.7996875 1.0022528 0.03855765 1.60644 2.2487 30431.795
2460900.79983796 1.0562177 0.03894458 1.605 2.1806 30429.775
2460900.79998843 1.0378838 0.03861797 1.60358 2.2435 30435.234
2460900.80013889 1.0273688 0.03848704 1.60216 2.2511 30401.008
2460900.80027778 0.99693626 0.03818282 1.60074 2.3124 30401.465
2460900.80042824 0.9767522 0.03800223 1.59933 2.3115 30377.902
2460900.8005787 1.0162861 0.03820121 1.59793 2.2515 30391.594
2460900.80072917 0.9662557 0.037924 1.59652 2.2561 30334.043
2460900.80086806 1.0282407 0.03822594 1.59512 2.2961 30357.775
2460900.80101852 1.0088131 0.03804449 1.59373 2.2897 30312.658
2460900.80116898 1.0119818 0.03793949 1.59234 2.3427 30275.65
2460900.80131944 1.0498551 0.03836341 1.59095 2.2468 30319.625
2460900.80146991 1.0205443 0.03812173 1.58957 2.2617 30243.307
2460900.8016088 0.99534106 0.03769583 1.58819 2.1838 30215.074
2460900.80175926 0.98853874 0.03740761 1.58681 2.224 30201.822
2460900.80190972 1.0038284 0.03774248 1.58544 2.1586 30190.135
2460900.80206019 0.9998653 0.03760903 1.58406 2.2597 30128.494
2460900.80221065 1.0207165 0.03749057 1.5827 2.289 30113.049
2460900.80236111 1.0262126 0.03771419 1.58133 2.2073 30043.781
2460900.8025 0.9674403 0.0370085 1.57998 2.4514 30059.844
2460900.80265046 1.0066477 0.03704138 1.57864 2.2945 30037.506
2460900.80280093 0.9988159 0.0373439 1.57729 2.4319 29998.96
2460900.80295139 0.9730636 0.03688205 1.57594 2.2689 29971.018
2460900.80310185 1.0433097 0.03743278 1.5746 2.2388 29980.518
2460900.80324074 0.9810049 0.03681594 1.57326 2.2912 29922.277
2460900.8033912 1.0068067 0.03710607 1.57194 2.1724 29850.055
2460900.80354167 0.9719898 0.0367407 1.5706 2.5159 29874.379
2460900.80369213 0.984468 0.03632115 1.56928 2.2845 29905.361
2460900.80384259 0.99924916 0.03705601 1.56795 2.1968 29859.215
2460900.80398148 1.0065433 0.03652477 1.56663 2.19 29847.797
2460900.80413194 0.99021775 0.03677295 1.56531 2.3052 29851.3
2460900.80428241 1.0229398 0.03664282 1.56398 2.1778 29785.764
2460900.80443287 0.98254234 0.03658534 1.56268 2.1707 29792.453
2460900.80458333 0.9971603 0.03665779 1.56137 2.4704 29809.682
2460900.8047338 0.9708724 0.03628482 1.56008 2.2495 29836.383
2460900.80487269 1.0049202 0.0364359 1.55878 2.2157 29808.08
2460900.80502315 1.0039036 0.03642885 1.55749 2.2718 29815.861
2460900.80517361 0.9977503 0.03671487 1.55621 2.2979 29794.756
2460900.80532407 0.9912284 0.03635004 1.55492 2.3282 29740.596
2460900.80547454 1.0191821 0.03670745 1.55363 2.3372 29730.299
2460900.80561343 1.0153513 0.03656928 1.55236 2.2414 29700.672
2460900.80576389 1.0004191 0.03622482 1.55109 2.4291 29634.902
2460900.80591435 1.0431747 0.03635794 1.54982 2.3004 29624.195
2460900.80606481 0.9867702 0.03596782 1.54854 2.2696 29576.398
2460900.8062037 1.00362 0.0361395 1.54728 2.2617 29562.438
2460900.80635417 0.98058146 0.0358764 1.54602 2.267 29594.04
2460900.80650463 0.982433 0.03589452 1.54475 2.2884 29519.266
2460900.80665509 0.95799637 0.0358452 1.54349 2.3554 29573.549
2460900.80680556 0.9863291 0.03538555 1.54225 2.2597 29565.707
2460900.80695602 1.0100483 0.03589141 1.541 2.1758 29547.447
2460900.80709491 0.9915086 0.03590292 1.53976 2.3652 29507.658
2460900.80724537 0.9923715 0.03562521 1.53852 2.229 29538.195
2460900.80739583 1.0079646 0.03603036 1.53729 2.3353 29494.21
2460900.8075463 0.97277075 0.03566674 1.53606 2.2107 29543.055
2460900.80769676 0.98222244 0.03550921 1.53483 2.3403 29513.518
2460900.80783565 1.0000068 0.03545771 1.5336 2.1007 29501.22
2460900.80798611 0.9773209 0.03568902 1.53238 2.547 29504.455
2460900.80813657 1.0156605 0.03560674 1.53116 2.3186 29460.04
2460900.80828704 0.98927337 0.03566453 1.52995 2.3647 29466.172
2460900.8084375 0.989466 0.0355688 1.52874 2.2931 29414.162
2460900.80857639 1.0012449 0.03540165 1.52753 2.3617 29372.629
2460900.80872685 0.97427285 0.03526077 1.5263 2.3358 29389.377
2460900.80887731 0.9580263 0.03515604 1.5251 2.2572 29331.268
2460900.80902778 1.0289651 0.03538076 1.5239 2.2903 29278.25
2460900.80917824 1.0358328 0.03553244 1.52272 2.3535 29219.28
2460900.80931713 1.0199313 0.03521049 1.52153 2.2822 29206.635
2460900.80946759 1.0092549 0.03499734 1.52033 2.2888 29159.258
2460900.80961806 1.0394678 0.03541787 1.51916 2.125 29128.998
2460900.80976852 1.0091492 0.03510264 1.51798 2.2963 29101.205
2460900.80991898 0.99445724 0.03486644 1.51679 2.4163 29101.244
2460900.81005787 0.9593727 0.0350495 1.51561 2.4558 29079.82
2460900.81020833 0.98639715 0.03482997 1.51444 2.2656 29145.754
2460900.8103588 0.9519112 0.03436184 1.51327 2.3336 29122.227
2460900.81050926 0.9557429 0.03449986 1.51211 2.3071 29074.342
2460900.81064815 0.995851 0.03493218 1.51095 2.3141 29110.703
2460900.81079861 0.97982264 0.0344572 1.50979 2.2079 29135.285
2460900.81094907 0.9633435 0.03479487 1.50862 2.3289 29110.463
2460900.81109954 0.9823537 0.03435154 1.50746 2.3119 29134.422
2460900.81125 1.0246563 0.03511451 1.50632 2.2902 29126.174
2460900.81140046 0.9740389 0.03431806 1.50517 2.4397 29069.549
2460900.81153935 0.9507131 0.03416679 1.50402 2.1489 29067.248
2460900.81168982 0.99312216 0.03455402 1.50288 2.3911 29068.5
2460900.81184028 0.97240114 0.03399059 1.50174 2.2734 29009.203
2460900.81199074 1.048401 0.0350421 1.50061 2.3384 28960.822
2460900.8121412 0.9989582 0.03447685 1.49948 2.3362 28963.014
2460900.81228009 0.98072135 0.03437365 1.49835 2.4015 28977.168
2460900.81243056 0.971598 0.03405917 1.49723 2.3393 28893.617
2460900.81258102 0.9519207 0.03381773 1.49611 2.4049 28884.621
2460900.81273148 1.0054457 0.03443132 1.495 2.4158 28973.656
2460900.81287037 1.0165063 0.03436624 1.49388 2.1453 28925.621
2460900.81302083 0.9938081 0.03391981 1.49277 2.4121 28893.836
2460900.8131713 0.98700786 0.0340988 1.49165 2.2112 28898.645
2460900.81332176 1.0258621 0.03413943 1.49054 2.2584 28845.36
2460900.81347222 1.0041374 0.03415534 1.48944 2.306 28818.81
2460900.81361111 0.9820669 0.03389279 1.48834 2.3537 28823.889
2460900.81376157 0.93084514 0.03365525 1.48724 2.2896 28843.174
2460900.81391204 0.99448144 0.03418452 1.48614 2.3008 28828.316
2460900.8140625 1.0060879 0.03415331 1.48505 2.3531 28737.236
2460900.81421296 0.99199533 0.03391148 1.48396 2.2062 28789.451
2460900.81435185 1.0254853 0.03398579 1.48287 2.2686 28704.19
2460900.81450231 1.001541 0.03363241 1.48179 2.2179 28660.527
2460900.81465278 0.9576213 0.03321703 1.48072 2.34 28658.152
2460900.81480324 1.0085152 0.03358699 1.47964 2.4059 28640.477
2460900.8149537 1.0471721 0.03406238 1.47857 2.5181 28658.578
2460900.81509259 1.0265838 0.0338443 1.4775 2.3877 28612.256
2460900.81524306 0.98727566 0.03337748 1.47642 2.3419 28635.018
2460900.81539352 1.0145084 0.03366427 1.47534 2.4991 28624.26
2460900.81554398 0.98518956 0.0331735 1.47428 2.2976 28591.201
2460900.81569444 1.0362266 0.03361081 1.47322 2.2772 28572.502
2460900.81584491 0.9878099 0.03343814 1.47216 2.2396 28576.52
2460900.8159838 0.9850525 0.03343533 1.47111 2.289 28607.54
2460900.81613426 1.0124055 0.03342281 1.47006 2.381 28589.72
2460900.81628472 0.9385335 0.03311443 1.46901 2.4026 28623.332
2460900.81643519 0.9649559 0.03322064 1.46797 2.4024 28593.13
2460900.81658565 0.99358815 0.03328452 1.46692 2.3601 28561.984
2460900.81672454 1.0112882 0.033363 1.46588 2.2855 28551.74
2460900.816875 1.0093443 0.03301639 1.46485 2.42 28559.107
2460900.81702546 0.9580005 0.03275176 1.46382 2.3428 28600.602
2460900.81717593 1.0109534 0.03320306 1.46278 2.3801 28549.885
2460900.81732639 0.98782355 0.03275494 1.46176 2.2117 28526.29
2460900.81746528 1.0000126 0.03313427 1.46073 2.2047 28497.014
2460900.81761574 0.9742099 0.03291062 1.45969 2.2462 28457.033
2460900.8177662 0.9967426 0.03318695 1.45868 2.1626 28481.322
2460900.81791667 1.0406824 0.0333663 1.45767 2.4002 28443.1
2460900.81806713 0.99812055 0.0330613 1.45665 2.2676 28457.453
2460900.81821759 0.9832485 0.03262582 1.45564 2.1766 28420.865
2460900.81835648 1.0194348 0.03288414 1.45463 2.3273 28377.879
2460900.81850694 1.0032676 0.03282089 1.45363 2.3776 28377.86
2460900.81865741 1.0395027 0.03295306 1.45263 2.2732 28357.2
2460900.81880787 0.9916066 0.03258573 1.45162 2.4024 28323.342
2460900.81895833 1.0206006 0.03296345 1.45062 2.2553 28291.406
2460900.81909722 0.9839766 0.03249606 1.44964 2.2437 28331.662
2460900.81924769 1.0220829 0.03294469 1.44864 2.2859 28289.492
2460900.81939815 0.9923485 0.03274009 1.44765 2.2781 28283.014
2460900.81954861 0.9582076 0.03235711 1.44666 2.1872 28247.209
2460900.8196875 0.9853764 0.03251491 1.44568 2.3104 28297.76
2460900.81983796 1.0073435 0.03261641 1.44469 2.2931 28311.836
2460900.81998843 0.97168696 0.03242189 1.44371 2.4537 28297.262
2460900.82013889 0.9673381 0.0323781 1.44273 2.3332 28307.002
2460900.82028935 0.947823 0.03134924 1.44176 2.2563 28340.375
2460900.82043981 0.99054927 0.03223662 1.44079 2.1821 28269.717
2460900.8205787 1.007136 0.03239322 1.43983 2.4062 28269.926
2460900.82072917 1.0373191 0.03270014 1.43887 2.2884 28278.514
2460900.82087963 1.0233839 0.03241362 1.4379 2.1076 28238.986
2460900.82103009 1.0006106 0.03217906 1.43695 2.267 28268.434
2460900.82118056 0.9949967 0.03209965 1.43599 2.4893 28279.863
2460900.82131944 0.98645747 0.03216682 1.43504 2.1447 28283.262
2460900.82146991 1.0069935 0.0324302 1.43408 2.3212 28266.281
2460900.82162037 0.9963567 0.03242924 1.43313 2.1247 28255.615
2460900.82177083 0.9988182 0.03231974 1.43219 2.3093 28229.924
2460900.82190972 0.94269973 0.03187176 1.43124 2.329 28261.484
2460900.82206019 0.98955375 0.03193197 1.43029 2.2722 28214.78
2460900.82221065 1.0262499 0.03213505 1.42935 2.2506 28213.396
2460900.82236111 0.98311645 0.03199451 1.42841 2.2089 28274.99
2460900.82251157 0.9834456 0.03206802 1.42748 2.2896 28182.65
2460900.82265046 1.011862 0.03203705 1.42655 2.18 28208.627
2460900.82280093 0.9968971 0.03226553 1.42562 2.3956 28207.682
2460900.82295139 0.9924532 0.03206259 1.42469 2.1943 28217.383
2460900.82310185 0.994377 0.03158031 1.42377 2.3302 28152.25
2460900.82325231 1.0039281 0.03219096 1.42285 2.339 28128.244
2460900.8233912 0.97315145 0.03164958 1.42193 2.3347 28134.908
2460900.82354167 0.9916194 0.03185337 1.42101 2.3563 28122.889
2460900.82369213 0.99401927 0.03179528 1.4201 2.1335 28118.492
2460900.82384259 0.9892501 0.0317739 1.41918 2.337 28108.793
2460900.82399306 0.9819348 0.03155122 1.41827 2.0948 28071.39
2460900.82413194 0.98838985 0.03158992 1.41736 2.2536 28105.928
2460900.82428241 0.98599595 0.03175547 1.41644 2.2399 28087.178
2460900.82443287 1.0010707 0.0317149 1.41554 2.3176 28074.877
2460900.82458333 0.99010056 0.03178015 1.41465 2.1299 28044.693
2460900.8247338 1.0115235 0.03172852 1.41375 2.2885 28064.662
2460900.82488426 0.9797283 0.03142275 1.41286 2.2879 28073.41
2460900.82502315 1.0132754 0.0316939 1.41196 2.2116 28016.938
2460900.82517361 1.0070503 0.03176839 1.41107 2.2671 27968.514
2460900.82532407 1.0293715 0.03173841 1.41018 2.2734 27992.896
2460900.82547454 0.98738205 0.03148602 1.4093 2.3072 27950.822
2460900.825625 1.0177233 0.03161339 1.40842 2.2446 27944.904
2460900.82576389 0.99109066 0.03134952 1.40754 2.2691 27895.186
2460900.82591435 1.0142772 0.0313774 1.40666 2.152 27954.338
2460900.82606481 1.0063944 0.03160864 1.40579 2.2708 27980.555
2460900.82621528 0.99065715 0.03135929 1.40492 2.1735 27922.871
2460900.82636574 1.0113986 0.0313117 1.40404 2.2323 27913.375
2460900.8265162 1.013465 0.03150934 1.40316 2.3026 27950.91
2460900.82665509 0.9936952 0.03134145 1.4023 2.24 27903.111
2460900.82680556 0.99443054 0.03133846 1.40143 2.3336 27937.717
2460900.82695602 1.0132343 0.03136525 1.40057 2.3103 27945.602
2460900.82710648 0.95718914 0.03097728 1.39971 2.3476 27943.71
2460900.82724537 0.97597086 0.03112029 1.39886 2.3117 27922.256
2460900.82739583 0.9866596 0.03120793 1.39801 2.259 27930.521
2460900.8275463 1.0160905 0.03122694 1.39715 2.4627 27924.57
2460900.82769676 0.9918689 0.03101423 1.3963 2.3069 27925.443
2460900.82784722 0.98127466 0.03092815 1.39545 2.3554 27868.916
2460900.82798611 1.0252237 0.03132806 1.39461 2.3951 27943.467
2460900.82813657 0.9933636 0.03097054 1.39377 2.2829 27859.635
2460900.82828704 1.0260845 0.03112712 1.39293 2.335 27831.535
2460900.8284375 1.0279427 0.03124498 1.39209 2.4071 27908.73
2460900.82858796 1.0204345 0.03102029 1.39125 2.2184 27820.455
2460900.82873843 0.9834825 0.03090303 1.39041 2.2872 27834.787
2460900.82887731 0.99719656 0.03090276 1.38958 2.2148 27790.082
2460900.82902778 0.9918925 0.03084283 1.38875 2.334 27736.66
2460900.82917824 0.9716443 0.03059312 1.38792 2.3023 27787.895
2460900.8293287 0.99972045 0.03066613 1.38709 2.3272 27741.67
2460900.82947917 0.96199465 0.03072937 1.38628 2.1748 27740.545
2460900.82961806 1.0263023 0.0309994 1.38545 2.334 27693.014
2460900.82976852 0.98235005 0.03045254 1.38464 2.0461 27669.688
2460900.82991898 0.9963887 0.03067286 1.38382 2.3755 27641.8
2460900.83006944 1.0047067 0.03048947 1.38301 2.3206 27660.35
2460900.83021991 0.97332287 0.03044054 1.3822 2.1571 27655.742
2460900.8303588 1.000411 0.03069351 1.38139 2.2125 27659.916
2460900.83050926 1.0222249 0.03078777 1.38058 2.2826 27636.736
2460900.83065972 1.0237956 0.03075265 1.37978 2.2197 27633.201
2460900.83081019 1.0290114 0.03095298 1.37898 2.2899 27632.568
2460900.83096065 1.0231255 0.03081126 1.37817 2.2712 27616.326
2460900.83111111 1.0041547 0.03044821 1.37738 2.3525 27566.145
2460900.83125 0.9873861 0.03035904 1.37658 2.166 27567.908
2460900.83140046 1.0015763 0.03075998 1.37578 2.3303 27609.246
2460900.83155093 1.0047345 0.03024827 1.37499 2.2047 27515.832
2460900.83170139 1.0059122 0.03044713 1.37421 2.2023 27559.498
2460900.83185185 0.9828061 0.0304007 1.37342 2.3023 27602.104
2460900.83199074 1.0072088 0.03065402 1.37264 2.2248 27574.76
2460900.8321412 0.9734155 0.03004654 1.37186 2.353 27550.479
2460900.83229167 0.994151 0.03034791 1.37107 2.3013 27497.375
2460900.83244213 0.9818717 0.03040236 1.37029 2.2634 27513.523
2460900.83259259 1.0049059 0.0303247 1.36952 2.3436 27512.13
2460900.83273148 1.0198982 0.03043532 1.36875 2.3632 27510.75
2460900.83288194 0.9865595 0.0301768 1.36798 2.3047 27521.67
2460900.83303241 0.9904501 0.03007309 1.36721 2.3264 27439.752
2460900.83318287 0.9977814 0.03038694 1.36643 2.3427 27435.348
2460900.83333333 1.009939 0.03032661 1.36567 2.2548 27446.88
2460900.8334838 1.0033307 0.03038904 1.36491 2.2157 27365.879
2460900.83362269 0.9884679 0.03014663 1.36415 2.3061 27411.076
2460900.83377315 0.9938222 0.03010696 1.36338 2.3496 27397.33
2460900.83392361 0.9802376 0.0298324 1.36263 2.3385 27347.133
2460900.83407407 0.9934578 0.02993179 1.36188 2.34 27459.895
2460900.83422454 0.96571827 0.03008011 1.36113 2.2201 27421.21
2460900.83436343 0.9766192 0.02980582 1.36037 2.2998 27395.746
2460900.83451389 0.97496635 0.02999675 1.35963 2.2793 27389.717
2460900.83466435 1.0277082 0.03025313 1.35888 2.239 27318.451
2460900.83481481 0.9712918 0.02970824 1.35814 2.3182 27339.492
2460900.83496528 1.0011836 0.03009035 1.3574 2.3283 27361.99
2460900.83510417 1.0096267 0.03010108 1.35666 2.3108 27334.008
2460900.83525463 1.0274179 0.03008416 1.35592 2.3587 27299.242
2460900.83540509 0.95675635 0.02959367 1.35517 2.1509 27303.861
2460900.83555556 1.0203822 0.0298637 1.35444 2.3126 27230.807
2460900.83570602 1.0055344 0.0297336 1.35371 2.3049 27222.246
2460900.83584491 1.0065371 0.02972576 1.35298 2.2141 27358.734
2460900.83599537 1.0080646 0.03004526 1.35225 2.2475 27256.863
2460900.83614583 0.95037884 0.02971174 1.35153 2.3453 27295.857
2460900.8362963 0.9606258 0.02958832 1.3508 2.4337 27191.982
2460900.83644676 0.958384 0.02953955 1.35008 2.3266 27176.715
2460900.83658565 1.0368953 0.0301354 1.34936 2.364 27209.123
2460900.83673611 1.0305421 0.03017357 1.34865 2.153 27207.152
2460900.83688657 0.99428064 0.02953319 1.34793 2.2646 27213.914
2460900.83703704 1.0038325 0.0298167 1.34723 2.3549 27233.758
2460900.8371875 1.0440578 0.03000717 1.34651 2.2174 27153.402
2460900.83732639 1.0230392 0.0298294 1.34581 2.2059 27202.387
2460900.83747685 1.0017214 0.02993443 1.3451 2.2693 27212.69
2460900.83762731 0.9859973 0.02967157 1.34439 2.2679 27156.63
2460900.83777778 0.9722426 0.02934078 1.34369 2.2783 27196.04
2460900.83792824 0.98658377 0.02961899 1.34299 2.3138 27158.832
2460900.83806713 1.0301639 0.02946565 1.34229 2.2697 27138.08
2460900.83821759 1.0429779 0.02976746 1.3416 2.2817 27108.549
2460900.83836806 1.0002321 0.02945496 1.34091 2.306 27048.145
2460900.83851852 1.0161556 0.02933507 1.34023 2.4056 27045.625
2460900.83866898 1.002634 0.02938246 1.33953 2.2543 27092.65
2460900.83880787 1.0075853 0.0295422 1.33885 2.2145 27076.791
2460900.83895833 0.98055416 0.02922878 1.33816 2.1837 27049.79
2460900.8391088 0.9980105 0.02953372 1.33748 2.3367 27059.623
2460900.83925926 0.9857692 0.02939416 1.33679 2.3547 27037.549
2460900.83940972 0.9739141 0.02889237 1.33611 2.1996 27080.463
2460900.83954861 1.0085875 0.02946072 1.33543 2.1623 27023.953
2460900.83969907 1.0197401 0.02938846 1.33476 2.156 27040.93
2460900.83984954 0.9957595 0.02942863 1.33408 2.3191 27003.875
2460900.84 0.9753957 0.02903592 1.3334 2.1514 27053.82
2460900.84015046 0.98509467 0.02907452 1.33273 2.2317 27034.662
2460900.84028935 0.9660015 0.02908553 1.33206 2.2544 26996.414
2460900.84043981 0.9878926 0.0291641 1.3314 2.3133 27029.371
2460900.84059028 0.99288356 0.02930729 1.33073 2.2936 26982.262
2460900.84074074 0.97664076 0.0290868 1.33007 2.2122 27006.688
2460900.84087963 0.97911346 0.02892362 1.32941 2.2152 26992.691
2460900.84103009 1.0291388 0.02947035 1.32875 2.1736 26969.234
2460900.84118056 0.97161376 0.02891429 1.32809 2.2163 26987.186
2460900.84133102 0.99486494 0.0290155 1.32744 2.282 26976.514
2460900.84148148 0.98086774 0.02895829 1.32679 2.3272 26909.717
2460900.84162037 1.0224386 0.02931818 1.32614 2.2872 26910.043
2460900.84177083 0.99696386 0.02919161 1.32549 2.2937 26933.441
2460900.8419213 0.99257064 0.02908771 1.32484 2.1327 26885.191
2460900.84207176 1.017749 0.02920369 1.32418 2.2159 26845.984
2460900.84222222 0.9988373 0.02896304 1.32354 2.1586 26892.53
2460900.84236111 0.9853571 0.02888625 1.3229 2.1724 26915.402
2460900.84251157 0.9865446 0.02901849 1.32226 2.3833 26914.002
2460900.84266204 0.9933764 0.02880403 1.32162 2.2155 26932.785
2460900.8428125 0.990755 0.02902068 1.32099 2.1877 26892.012
2460900.84296296 0.9814957 0.0287395 1.32035 2.404 26905.664
2460900.84310185 0.9788665 0.02883128 1.31972 2.2392 26940.232
2460900.84325231 0.99493307 0.02878562 1.31908 2.2963 26983.898
2460900.84340278 1.0168598 0.02905155 1.31845 2.3168 26881.363
2460900.84355324 1.0117033 0.02884359 1.31782 2.2516 26848.613
2460900.8437037 0.989913 0.02878466 1.3172 2.215 26884.312
2460900.84384259 0.99897283 0.02894862 1.31657 2.3616 26808.54
2460900.84399306 1.0141784 0.02890788 1.31595 2.2947 26855.334
2460900.84414352 0.98785585 0.02864298 1.31533 2.2505 26825.627
2460900.84429398 1.0173185 0.02904924 1.3147 2.359 26832.152
2460900.84444444 0.9875722 0.02874663 1.31408 2.2391 26938.05
2460900.84459491 0.98279494 0.02889519 1.31346 2.3193 26882.922
2460900.8447338 0.9817443 0.0285575 1.31285 2.2625 26858.578
2460900.84488426 1.0059325 0.02901096 1.31224 2.2786 26854.824
2460900.84503472 1.007523 0.02913572 1.31163 2.1977 26938.281
2460900.84518519 0.97144455 0.02873265 1.31102 2.2782 26920.28
2460900.84533565 0.97256815 0.02828133 1.31041 2.2076 26921.658
2460900.84547454 1.0023236 0.02877771 1.30981 2.3513 26917.041
2460900.845625 0.98400855 0.02866723 1.30921 2.1721 26913.969
2460900.84577546 0.99455416 0.02881436 1.30861 2.3392 26855.63
2460900.84592593 1.0119131 0.02874098 1.30801 2.2424 26858.85
2460900.84606481 1.0138986 0.02885256 1.30742 2.2828 26810.193
2460900.84621528 0.9604273 0.02837699 1.30682 2.2508 26824.121
2460900.84636574 0.9530912 0.0283773 1.30623 2.2994 26813.17
2460900.8465162 1.033376 0.02902706 1.30563 2.1763 26793.05
2460900.84666667 0.99653333 0.02848855 1.30504 2.2369 26853.271
2460900.84681713 1.0013717 0.02863443 1.30445 2.3163 26831.65
2460900.84695602 0.95249104 0.02818567 1.30386 2.1257 26777.498
2460900.84710648 0.9828372 0.0285572 1.30327 2.0306 26769.232
2460900.84725694 0.99266344 0.02845951 1.30269 2.2207 26659.316
2460900.84740741 1.0095981 0.02853931 1.30211 2.2896 26653.014
2460900.8475463 0.99824077 0.02836729 1.30153 2.2082 26640.273
2460900.84769676 0.9970081 0.02832344 1.30095 2.3159 26736.568
2460900.84784722 0.954798 0.02818249 1.30038 2.3638 26742.47
2460900.84799768 0.980061 0.02838694 1.2998 2.1883 26669.846
2460900.84814815 1.0016571 0.02811306 1.29923 2.2618 26618.021
2460900.84828704 1.0240837 0.02854538 1.29866 2.3005 26578.562
2460900.8484375 0.94462264 0.02764044 1.29809 2.2267 26538.555
2460900.84858796 0.99248976 0.02822643 1.29752 2.0287 26450.31
2460900.84873843 0.9941742 0.02831895 1.29695 2.3808 26413.754
2460900.84888889 0.98933893 0.02847983 1.29638 2.3327 26469.107
2460900.84902778 1.0187982 0.02828439 1.29582 2.1738 26493.715
2460900.84917824 0.95039177 0.02803582 1.29526 2.1987 26544.576
2460900.8493287 1.0084896 0.02825933 1.2947 2.2176 26457.957
2460900.84947917 0.96045077 0.02791622 1.29414 2.3242 26406.48
2460900.84962963 0.9830983 0.02799734 1.29359 2.3368 26435.03
2460900.84976852 1.0110886 0.02823528 1.29303 2.4099 26404.844
2460900.84991898 0.9933678 0.02824312 1.29248 2.3157 26421.354
2460900.85006944 0.96159434 0.0279548 1.29193 2.2853 26400.4
2460900.85021991 1.0284429 0.02834135 1.29138 2.2881 26348.67
2460900.85037037 1.0110542 0.02826048 1.29083 2.2414 26280.268
2460900.85050926 1.0175632 0.02798163 1.29029 2.3031 26175.31
2460900.85065972 0.9969214 0.02801508 1.28974 2.162 26237.941
2460900.85081019 0.98387575 0.02791401 1.2892 2.1434 26303.186
2460900.85096065 1.0150999 0.02811546 1.28865 2.2203 26230.568
2460900.85111111 0.9860655 0.02789088 1.28811 2.4326 26239.86
2460900.85125 1.0252204 0.02816697 1.28757 2.2932 26224.291
2460900.85140046 0.9932154 0.02795206 1.28704 2.285 26173.63
2460900.85155093 0.97823906 0.02770612 1.2865 2.2915 26227.781
2460900.85170139 0.9891197 0.02784244 1.28597 2.2417 26157.938
2460900.85184028 1.0161895 0.02793494 1.28544 2.3708 26123.21
2460900.85199074 0.99340296 0.02772856 1.28491 2.2472 26116.074
2460900.8521412 1.0092466 0.0282217 1.28439 2.3416 26087.871
2460900.85229167 0.98914534 0.02768658 1.28386 2.2299 26066.762
2460900.85244213 0.96918947 0.02764808 1.28333 2.1521 26054.717
2460900.85258102 0.99390715 0.02760961 1.28281 2.396 26075.918
2460900.85273148 1.0068817 0.02779018 1.28229 2.2552 26158.87
2460900.85288194 0.96634275 0.02751955 1.28177 2.4396 26059.598
2460900.85303241 1.0112891 0.02799228 1.28125 2.2244 26060.488
2460900.85318287 0.95169085 0.02742699 1.28073 2.2321 26037.832
2460900.85333333 1.0268966 0.02787142 1.28021 2.3721 26003.654
2460900.85347222 0.98100954 0.02771272 1.2797 2.368 26078.963
2460900.85362269 1.0414716 0.02809574 1.27919 2.2628 26062.01
2460900.85377315 0.9600933 0.02730056 1.27867 2.3628 26093.066
2460900.85392361 0.9971868 0.02756949 1.27817 2.2869 25980.77
2460900.85407407 0.98194474 0.02757335 1.27766 2.1628 26015.51
2460900.85421296 0.99350625 0.02758908 1.27716 2.345 26003.203
2460900.85436343 0.9529308 0.02714969 1.27665 2.3357 25925.018
2460900.85451389 1.0355351 0.02781034 1.27615 2.349 25891.05
2460900.85466435 1.0102799 0.02774737 1.27565 2.1837 25952.486
2460900.85480324 1.0190861 0.0276553 1.27515 2.1803 25907.973
2460900.8549537 1.0029857 0.02754155 1.27465 2.1899 25892.498
2460900.85510417 1.0406706 0.02759455 1.27416 2.1757 25820.668
2460900.85525463 1.0157311 0.02747893 1.27367 2.2715 25858.709
2460900.85540509 1.0002484 0.02743061 1.27317 2.3365 25888.63
2460900.85555556 0.99286556 0.02741708 1.27268 2.2064 25877.104
2460900.85569444 0.997589 0.02762754 1.27219 2.2351 25888.188
2460900.85584491 0.98448896 0.02726174 1.2717 2.2195 25788.807
2460900.85599537 1.0504829 0.02752803 1.27122 2.1806 25809.38
2460900.85614583 1.0182503 0.02736518 1.27073 2.2463 25828.137
2460900.85628472 0.9984695 0.02733584 1.27024 2.4304 25849.47
2460900.85643519 1.0023326 0.02744515 1.26976 2.4033 25844.46
2460900.85658565 1.0557104 0.02783472 1.2693 2.3199 25881.115
2460900.85673611 1.0101866 0.02747544 1.26882 2.3089 25845.195
2460900.85688657 1.0113171 0.02750503 1.26834 2.2878 25806.51
2460900.85702546 1.023753 0.02740438 1.26787 2.3346 25767.787
2460900.85717593 1.0240523 0.02733935 1.26739 1.9765 25838.701
2460900.85732639 1.0027691 0.0271808 1.26692 2.358 25832.299
2460900.85747685 1.005497 0.02739168 1.26645 2.3108 25871.098
2460900.85762731 1.0071557 0.02724588 1.26597 2.2559 25842.848
2460900.8577662 0.98356897 0.02734152 1.26551 2.269 25828.807
2460900.85791667 0.99807405 0.02729732 1.26504 2.2264 25809.291
2460900.85806713 0.9941159 0.02720997 1.26457 2.3708 25777.715
2460900.85821759 0.9496872 0.02691398 1.2641 2.3569 25853.393
2460900.85836806 0.9771799 0.02726967 1.26364 2.2511 25865.168
2460900.85850694 0.9849257 0.02724452 1.26318 2.3158 25815.65
2460900.85865741 0.9283531 0.02666472 1.26272 2.3082 25859.625
2460900.85880787 1.0415986 0.02771609 1.26226 2.2581 25849.227
2460900.85895833 1.0163065 0.02721186 1.26181 2.3371 25828.494
2460900.8591088 1.0302681 0.02752488 1.26135 2.2931 25842.32
2460900.85924769 1.0224935 0.02717125 1.2609 2.448 25815.85
2460900.85939815 1.0108068 0.0273447 1.26045 2.3204 25760.504
2460900.85954861 1.0140915 0.02725851 1.26 2.2548 25790.406
2460900.85969907 0.9948699 0.02712662 1.25955 2.3657 25796.836
2460900.85984954 0.99929047 0.02715423 1.25909 2.2403 25840.73
2460900.86 0.9767311 0.02706629 1.25865 2.3713 25751.254
2460900.86013889 0.9770755 0.02689982 1.2582 2.3506 25740.12
2460900.86028935 0.99853283 0.02700745 1.25776 2.3232 25751.0
2460900.86043981 0.975054 0.02684079 1.25732 2.2392 25714.373
2460900.86059028 0.9701846 0.02690701 1.25688 2.3304 25728.84
2460900.86074074 0.99818194 0.02682296 1.25644 2.2856 25729.205
2460900.86087963 0.9864623 0.02669805 1.256 2.3485 25689.727
2460900.86103009 0.9857036 0.02690595 1.25557 2.2602 25691.523
2460900.86118056 0.97012746 0.02680273 1.25513 2.2762 25711.344
2460900.86133102 1.011739 0.02702103 1.2547 2.2442 25629.713
2460900.86148148 1.0012 0.02703128 1.25427 2.2813 25672.693
2460900.86162037 0.97941774 0.02660844 1.25384 2.3162 25720.898
2460900.86177083 0.97909963 0.02693213 1.25341 2.2827 25662.852
2460900.8619213 1.0112208 0.02699775 1.25298 2.3139 25699.154
2460900.86207176 0.95105606 0.02683403 1.25255 2.2525 25666.738
2460900.86222222 1.0051662 0.02709889 1.25212 2.3679 25692.936
2460900.86237269 1.0049162 0.02710667 1.2517 2.2645 25678.545
2460900.86251157 0.99649215 0.02718705 1.25128 2.2824 25700.188
2460900.86266204 0.97464865 0.02677958 1.25086 2.2692 25712.805
2460900.8628125 0.9894508 0.02688902 1.25045 2.3197 25733.057
2460900.86296296 0.955498 0.026667 1.25003 2.313 25688.982
2460900.86311343 1.0057619 0.02698398 1.24961 2.1544 25698.953
2460900.86325231 0.9819944 0.02677169 1.2492 2.2214 25675.564
2460900.86340278 0.9958193 0.02678563 1.24879 2.2878 25708.97
2460900.86355324 0.97890306 0.02696869 1.24838 2.2761 25689.223
2460900.8637037 0.9808252 0.02680974 1.24797 2.3328 25648.297
2460900.86385417 1.0231411 0.02695207 1.24756 2.3043 25643.674
2460900.86399306 1.0135443 0.02684541 1.24715 2.2365 25636.42
2460900.86414352 1.0036241 0.02700003 1.24675 2.2524 25585.094
2460900.86429398 0.97664565 0.02664244 1.24634 2.3047 25600.744
2460900.86444444 0.9912395 0.02686035 1.24594 2.2319 25630.387
2460900.86459491 1.0015291 0.02658553 1.24554 2.0752 25581.373
2460900.86474537 0.9957232 0.02680533 1.24514 2.317 25550.467
2460900.86488426 0.91901 0.02564376 1.24474 1.9762 25780.135
2460900.86503472 1.062266 0.02709422 1.24434 2.1732 25597.252
2460900.86518519 1.0254295 0.02693998 1.24395 2.3262 25530.59
2460900.86533565 0.97899485 0.02674134 1.24355 2.3047 25577.375
2460900.86548611 1.0030085 0.02673228 1.24316 2.1244 25547.203
2460900.865625 0.9975705 0.02676064 1.24277 2.1813 25561.498
2460900.86577546 0.96347153 0.0264105 1.24238 2.2619 25572.006
2460900.86592593 0.9801166 0.02661874 1.24199 2.3092 25544.396
2460900.86607639 1.0351344 0.02682098 1.2416 2.1311 25521.816
2460900.86622685 0.97942704 0.02642627 1.24122 2.2714 25578.887
2460900.86636574 0.99125916 0.02677063 1.24084 2.2478 25574.818
2460900.8665162 0.9603567 0.02625557 1.24045 2.2583 25526.75
2460900.86666667 0.9842952 0.02640624 1.24007 2.4825 25537.98
2460900.86681713 0.99673283 0.02680649 1.23969 2.1422 25559.408
2460900.86696759 1.0025678 0.0267469 1.23931 2.2133 25566.434
2460900.86710648 1.0067778 0.0266532 1.23893 2.1988 25536.926
2460900.86725694 1.0005867 0.02668059 1.23856 2.2983 25489.809
2460900.86740741 0.98452234 0.02657394 1.23818 2.2913 25453.95
2460900.86755787 0.97815764 0.02643424 1.23781 2.2199 25493.234
2460900.86770833 0.97168946 0.02640971 1.23744 2.2326 25483.184
2460900.86784722 1.0111521 0.02660502 1.23707 2.1532 25430.781
2460900.86799768 1.0161251 0.02656285 1.2367 2.1739 25402.73
2460900.86814815 1.0282904 0.02682141 1.23633 2.36 25420.852
2460900.86829861 1.02072 0.02685987 1.23597 2.3261 25382.197
2460900.8684375 0.9680809 0.02625498 1.2356 2.2128 25317.95
2460900.86858796 1.014497 0.02650852 1.23524 2.2033 25300.135
2460900.86873843 0.97359556 0.026249 1.23487 2.3138 25329.75
2460900.86888889 0.99183327 0.02639193 1.23451 2.3808 25310.611
2460900.86903935 0.9834727 0.02642423 1.23415 2.2184 25329.16
2460900.86918981 0.99642015 0.02637357 1.23379 2.189 25235.475
2460900.8693287 0.9932547 0.02632366 1.23344 2.4169 25315.654
2460900.86947917 0.95988774 0.02607935 1.23308 2.2277 25279.328
2460900.86962963 0.9990879 0.02631234 1.23273 2.3108 25324.549
2460900.86978009 0.9684287 0.02611943 1.23238 2.3424 25326.828
2460900.86991898 0.9499032 0.02616069 1.23203 2.1696 25325.18
2460900.87006944 0.9794398 0.02624326 1.23168 2.1994 25317.035
2460900.87021991 1.0018636 0.02632689 1.23133 2.369 25322.883
2460900.87037037 0.98944986 0.02636421 1.23098 2.1646 25341.04
2460900.87052083 0.96874094 0.02639523 1.23063 2.2235 25329.42
2460900.87065972 0.97435313 0.0261317 1.23029 2.1625 25326.926
2460900.87081019 0.9813266 0.0260481 1.22995 2.4024 25262.379
2460900.87096065 1.0141536 0.02652096 1.2296 2.203 25288.174
2460900.87111111 0.980113 0.0262135 1.22926 2.2103 25293.674
2460900.87126157 1.0127481 0.02634533 1.22892 2.1334 25265.717
2460900.87140046 1.0051539 0.02631423 1.22858 2.1061 25284.967
2460900.87155093 0.97054833 0.02602966 1.22825 2.1705 25211.398
2460900.87170139 0.9900709 0.02614342 1.22791 2.2887 25242.988
2460900.87185185 0.9812479 0.02600041 1.22758 2.0673 25186.238
2460900.87200231 0.99461293 0.0261779 1.22725 2.2939 25205.705
2460900.8721412 1.002503 0.02617435 1.22691 2.3049 25150.826
2460900.87229167 1.009903 0.02621032 1.22658 2.2174 25145.24
2460900.87244213 1.0077432 0.02629202 1.22625 2.1454 25157.373
2460900.87259259 1.0049268 0.02613436 1.22592 2.278 25134.873
2460900.87274306 1.0054367 0.02627345 1.22559 2.2579 25127.443
2460900.87288194 1.0046855 0.02588284 1.22527 2.1433 25138.041
2460900.87303241 0.97779757 0.02595145 1.22495 2.1608 25164.143
2460900.87318287 0.9552482 0.02594208 1.22462 2.2104 25154.133
2460900.87333333 0.97778064 0.02609748 1.2243 2.1874 25136.443
2460900.8734838 1.0169549 0.02629275 1.22398 2.1398 25239.98
2460900.87363426 1.0097865 0.02613667 1.22366 2.2197 25207.848
2460900.87377315 0.99982184 0.02619894 1.22334 2.2079 25233.684
2460900.87392361 1.0312746 0.02650964 1.22303 2.1463 25264.19
2460900.87407407 0.9808783 0.02620189 1.22271 2.1784 25244.941
2460900.87422454 0.98899716 0.02641029 1.2224 2.1197 25247.166
2460900.87436343 0.97500575 0.02593491 1.22209 2.2369 25252.264
2460900.87451389 0.9761129 0.02598872 1.22178 2.2135 25244.092
2460900.87466435 1.0448865 0.02638167 1.22147 2.1038 25265.53
2460900.87481481 1.023366 0.02622068 1.22116 2.2063 25272.91
2460900.87496528 1.0201366 0.02634395 1.22085 2.3147 25267.088
2460900.87510417 1.0329293 0.02630712 1.22055 2.2772 25243.326
2460900.87525463 1.0072478 0.02607798 1.22024 2.2814 25238.887
2460900.87540509 1.0448021 0.02643879 1.21994 2.213 25213.715
2460900.87555556 1.0128986 0.02617924 1.21963 2.1776 25232.258
2460900.87570602 0.99421334 0.02586991 1.21933 2.304 25217.797
2460900.87585648 0.99040675 0.02603716 1.21904 2.4739 25198.922
2460900.87599537 1.0248715 0.02635104 1.21874 2.2788 25212.744
2460900.87614583 0.9856118 0.02602026 1.21844 2.3878 25190.018
2460900.8762963 1.0352179 0.02638868 1.21814 2.1519 25148.387
2460900.87644676 0.9779089 0.02615569 1.21785 2.1112 25174.55
2460900.87659722 1.028208 0.02622891 1.21756 2.263 25191.379
2460900.87673611 1.0247129 0.02631052 1.21727 2.3934 25256.262
2460900.87688657 0.9832326 0.02609768 1.21698 2.1878 25229.727
2460900.87703704 1.0088639 0.02615502 1.2167 2.2149 25191.516
2460900.8771875 0.99474525 0.02598337 1.21641 2.1442 25229.56
2460900.87733796 0.964928 0.02566982 1.21612 2.2275 25235.896
2460900.87747685 0.98207736 0.02595744 1.21584 2.2104 25222.78
2460900.87762731 1.0044755 0.02609431 1.21555 2.1858 25164.918
2460900.87777778 0.9952434 0.0260104 1.21527 2.255 25222.48
2460900.87792824 0.97586584 0.02590073 1.21498 2.2767 25168.006
2460900.8780787 1.0162647 0.0261695 1.2147 2.2215 25245.85
2460900.87821759 0.9631967 0.02585549 1.21442 2.2385 25250.014
2460900.87836806 0.98944956 0.02595433 1.21415 2.1612 25196.324
2460900.87851852 0.98903465 0.02607129 1.21387 2.2224 25179.361
2460900.87866898 0.9968781 0.02585756 1.2136 2.3042 25257.361
2460900.87880787 1.0171564 0.02609316 1.21332 2.3954 25271.295
2460900.87895833 0.9790544 0.02595267 1.21305 2.2939 25287.059
2460900.8791088 0.9985028 0.02617076 1.21278 2.2182 25279.02
2460900.87925926 1.0191449 0.02617327 1.21251 2.3316 25350.504
2460900.87940972 0.9521116 0.02576917 1.21224 2.307 25370.525
2460900.87954861 0.9383839 0.02574358 1.21198 2.3457 25410.025
2460900.87969907 0.99305063 0.02602458 1.21171 2.3805 25366.633
2460900.87984954 0.98654485 0.02604638 1.21144 2.3211 25417.777
2460900.88 0.9686633 0.02608796 1.21118 2.238 25415.525
2460900.88015046 0.9882194 0.02599316 1.21091 2.1949 25477.326
2460900.88030093 1.0061226 0.02612832 1.21065 2.299 25446.535
2460900.88043981 0.97878003 0.02590239 1.21039 2.295 25443.14
2460900.88059028 0.9655468 0.02594746 1.21013 2.2658 25451.742
2460900.88074074 1.0032624 0.02614383 1.20988 2.4196 25422.951
2460900.8808912 0.97972137 0.02610292 1.20962 2.2538 25397.145
2460900.88104167 0.99397844 0.02605839 1.20936 2.2434 25404.252
2460900.88118056 1.0088332 0.02621677 1.20911 2.2073 25388.207
2460900.88133102 1.0018309 0.02608048 1.20885 2.2696 25390.414
2460900.88148148 1.0059226 0.02619284 1.2086 2.233 25347.434
2460900.88163194 0.9810746 0.02597244 1.20835 2.2121 25403.426
2460900.88177083 1.0184425 0.02619489 1.2081 2.1776 25359.348
2460900.8819213 0.9938274 0.0259478 1.20786 2.4017 25370.273
2460900.88207176 0.9921517 0.02593771 1.20761 2.2441 25327.564
2460900.88222222 0.9925947 0.0258006 1.20736 2.2233 25296.746
2460900.88237268 0.9567818 0.02584219 1.20711 2.1424 25316.17
2460900.88252315 0.99485755 0.02582049 1.20687 2.1755 25299.436
2460900.88266204 1.0272222 0.02625845 1.20663 2.3087 25283.67
2460900.8828125 0.9961405 0.02592941 1.20639 2.3366 25285.48
2460900.88296296 0.98936397 0.02600827 1.20615 2.3786 25303.816
2460900.88311343 1.0287819 0.026151 1.20591 2.2763 25275.559
2460900.88326389 0.9725377 0.0260827 1.20567 2.4022 25366.984
2460900.88340278 0.9752465 0.0257728 1.20544 2.2946 25331.52
2460900.88355324 1.0078098 0.02600968 1.2052 2.3305 25330.822
2460900.8837037 1.0055766 0.02595152 1.20497 2.1784 25340.77
2460900.88385417 1.0021018 0.02590672 1.20474 2.2124 25349.35
2460900.88400463 0.9956124 0.02583488 1.20451 2.1305 25390.658
2460900.88414352 0.99924606 0.0259413 1.20428 2.2292 25342.84
2460900.88429398 1.0122586 0.02597399 1.20404 2.3413 25330.424
2460900.88444444 0.9693594 0.02573614 1.20382 2.3363 25396.63
2460900.88459491 0.9863266 0.0259287 1.20359 2.319 25394.145
2460900.88474537 1.0360488 0.02610473 1.20337 2.2685 25356.168
2460900.88489583 1.015906 0.02605076 1.20314 2.378 25349.225
2460900.88503472 0.99533236 0.0262051 1.20292 2.2622 25376.06
2460900.88518519 0.9509711 0.02565093 1.2027 2.219 25385.494
2460900.88533565 1.0126257 0.02612477 1.20248 2.3312 25386.412
2460900.88548611 1.0051169 0.02599249 1.20226 2.1581 25339.225
2460900.88563657 1.0151783 0.02590342 1.20204 2.1661 25334.273
2460900.88577546 1.0253865 0.02610276 1.20182 2.2829 25353.193
2460900.88592593 1.0134349 0.02604465 1.2016 2.426 25349.188
2460900.88607639 1.0098488 0.02583958 1.20139 2.2354 25302.006
2460900.88622685 0.9920527 0.02587151 1.20117 2.1118 25313.586
2460900.88637732 1.0115303 0.02587598 1.20096 2.2315 25302.379
2460900.88652778 0.99652666 0.02594495 1.20075 2.3224 25366.63
2460900.88666667 0.9924014 0.02596649 1.20054 2.1828 25279.98
2460900.88681713 1.0114092 0.02594138 1.20033 2.3098 25304.637
2460900.88696759 0.9552281 0.02565149 1.20013 2.1808 25313.104
2460900.88711806 1.0526719 0.02611956 1.19992 2.167 25246.947
2460900.88725694 1.0302403 0.02584598 1.19972 2.1835 25188.887
2460900.88740741 0.9876433 0.02583136 1.19951 2.114 25216.852
2460900.88755787 0.99032235 0.02553223 1.1993 2.11 25185.967
2460900.88770833 1.0294553 0.02596763 1.1991 2.3075 25224.271
2460900.8878588 0.98576194 0.02559887 1.1989 2.2836 25193.791
2460900.88800926 0.97751266 0.02559686 1.19871 2.337 25214.564
2460900.88814815 1.014243 0.02590428 1.19851 2.1862 25176.217
2460900.88829861 0.9684561 0.02562189 1.19831 2.2908 25223.525
2460900.88844907 1.0085593 0.02575875 1.19812 2.2309 25243.064
2460900.88859954 0.99132186 0.02579801 1.19792 2.158 25238.064
2460900.88875 0.98081434 0.02557155 1.19772 2.2848 25233.186
2460900.88888889 0.95213073 0.02563161 1.19753 2.3715 25244.549
2460900.88903935 0.99150515 0.02573837 1.19734 2.3215 25255.242
2460900.88918981 0.9969088 0.02583709 1.19716 2.317 25322.584
2460900.88934028 0.9841085 0.02583795 1.19697 2.3392 25305.07
2460900.88949074 0.9874913 0.02553068 1.19678 2.1266 25306.29
2460900.88962963 1.0194148 0.02588565 1.19659 2.2489 25288.947
2460900.88978009 0.9827671 0.02565126 1.19641 2.2969 25309.445
2460900.88993056 1.0028257 0.02562709 1.19623 2.0972 25317.518
2460900.89008102 0.9693863 0.02555191 1.19605 2.2599 25340.629
2460900.89021991 0.9888504 0.02563706 1.19586 2.1124 25321.703
2460900.89037037 0.9877595 0.02567691 1.19569 2.4659 25294.756
2460900.89052083 0.97380793 0.02548884 1.19551 2.2739 25286.123
2460900.8906713 1.0038626 0.02594053 1.19533 2.3368 25329.043
2460900.89082176 0.981737 0.02572201 1.19515 2.2702 25320.277
2460900.89097222 1.020733 0.02598208 1.19497 2.3096 25193.717
2460900.89111111 1.0154084 0.02595912 1.1948 2.3113 25263.73
2460900.89126157 1.0060314 0.0258898 1.19463 2.262 25263.604
2460900.89141204 0.9815948 0.02551375 1.19445 2.2684 25220.934
2460900.8915625 1.0184977 0.02600847 1.19428 2.4589 25197.635
2460900.89171296 0.97345066 0.02567598 1.19411 2.295 25276.637
2460900.89185185 0.9993126 0.02573433 1.19394 2.5032 25233.28
2460900.89200231 0.9995267 0.02573995 1.19377 2.3203 25228.752
2460900.89215278 1.0267904 0.02595439 1.19361 2.4374 25286.873
2460900.89230324 0.9118798 0.0252157 1.19344 2.2088 25309.582
2460900.8924537 1.0236217 0.02605922 1.19328 2.2779 25269.047
2460900.89259259 1.029941 0.02591813 1.19312 2.3478 25281.746
2460900.89274306 1.0098196 0.02586848 1.19295 2.3752 25228.377
2460900.89289352 1.0348173 0.02584166 1.19279 2.3536 25266.934
2460900.89304398 0.9919581 0.02562143 1.19264 2.3434 25328.389
2460900.89319444 1.0129893 0.02594029 1.19247 2.1923 25339.17
2460900.89334491 0.9550127 0.02545209 1.19232 2.4084 25386.08
2460900.8934838 1.0222777 0.0258802 1.19216 2.303 25373.033
2460900.89363426 0.9853698 0.02576546 1.19201 2.282 25371.955
2460900.89378472 0.9923502 0.02562408 1.19185 2.2262 25403.7
2460900.89393519 0.98944694 0.02578426 1.1917 2.2579 25411.734
2460900.89408565 1.0060709 0.02578565 1.19155 2.1894 25418.064
2460900.89422454 1.0037872 0.02580369 1.1914 2.23 25483.727
2460900.894375 0.9923066 0.02575289 1.19125 2.3529 25459.658
2460900.89452546 1.0320865 0.02613068 1.1911 2.2683 25484.992
2460900.89467593 0.99515426 0.02575691 1.19096 2.2609 25474.52
2460900.89482639 0.98682487 0.02572894 1.19081 2.3087 25470.564
2460900.89496528 0.97485435 0.02562472 1.19066 2.1569 25584.375
2460900.89511574 0.994473 0.0260353 1.19052 2.3098 25593.568
2460900.8952662 0.9913289 0.02583388 1.19038 2.2336 25546.924
2460900.89541667 1.025666 0.02595463 1.19024 2.1588 25560.578
2460900.89556713 0.9873913 0.02569142 1.1901 2.3437 25530.316
2460900.89570602 0.9524343 0.02549969 1.18996 2.2387 25525.488
2460900.89585648 0.98371583 0.0255541 1.18982 2.0914 25480.371
2460900.89600694 1.0086573 0.02569862 1.18968 2.3371 25475.664
2460900.89615741 1.0187967 0.02582844 1.18955 2.2274 25438.393
2460900.89630787 1.0020804 0.02563185 1.18942 2.3121 25410.621
2460900.89644676 1.0417914 0.02605513 1.18928 2.3565 25437.822
2460900.89659722 0.9925031 0.02584704 1.18915 2.2147 25393.527
2460900.89674769 0.9925198 0.02576152 1.18902 2.3286 25453.158
2460900.89689815 0.9899896 0.02576207 1.18889 2.2879 25403.93
2460900.89704861 0.9937652 0.02592314 1.18876 2.3692 25410.52
2460900.8971875 1.0041368 0.02595085 1.18863 2.3435 25393.035
2460900.89733796 1.0457783 0.02602934 1.18851 2.3546 25440.367
2460900.89748843 0.9923301 0.02586212 1.18838 2.1536 25366.164
2460900.89763889 0.9595048 0.02547357 1.18825 2.3184 25505.785
2460900.89778935 0.96992433 0.02554157 1.18813 2.2828 25420.695
2460900.89793981 0.9758467 0.02559756 1.18801 2.3501 25428.154
2460900.8980787 0.9945931 0.02579471 1.18789 2.3199 25482.203
2460900.89822917 1.0135525 0.02582316 1.18777 2.2829 25491.549
2460900.89837963 1.008398 0.0258035 1.18765 2.1249 25494.115
2460900.89853009 1.0221924 0.02590575 1.18753 2.3853 25490.863
2460900.89868056 1.0080861 0.02591845 1.18742 2.1465 25509.26
2460900.89881944 1.0077087 0.02569883 1.1873 2.2936 25466.15
2460900.89896991 1.021766 0.02581869 1.18719 2.1422 25493.436
2460900.89912037 0.97569305 0.0256828 1.18707 2.345 25477.584
2460900.89927083 0.97448766 0.02568662 1.18696 2.3015 25562.582
2460900.8994213 0.9775657 0.02572209 1.18685 2.2398 25522.36
2460900.89956019 1.0342282 0.02605205 1.18674 2.2328 25550.326
2460900.89972222 0.96142393 0.02549826 1.18663 2.2478 25529.2
2460900.89987269 1.0118898 0.02600431 1.18652 2.2944 25514.53
2460900.90002315 0.98435104 0.0256138 1.18642 2.3497 25538.889
2460900.90017361 1.0381978 0.02576354 1.18631 2.2941 25541.518
2460900.9003125 1.0028727 0.02585339 1.18621 2.2073 25599.162
2460900.90046296 1.0295708 0.02584808 1.18611 2.3736 25568.984
2460900.90061343 0.99990726 0.02583315 1.186 2.2106 25558.744
2460900.90076389 0.9896497 0.02566096 1.1859 2.2442 25579.13
2460900.90091435 1.0186499 0.02589764 1.18581 2.2564 25564.59
2460900.90105324 0.97960603 0.02569051 1.18571 2.2733 25590.695
2460900.9012037 1.0117048 0.02565901 1.18561 2.1596 25578.684
2460900.90135417 0.9884366 0.02591521 1.18551 2.3374 25571.908
2460900.90150463 0.99936867 0.02582335 1.18542 2.2459 25623.188
2460900.90165509 0.9842352 0.0257528 1.18532 2.2726 25579.914
2460900.90179398 1.0158098 0.02589107 1.18523 2.3721 25534.715
2460900.90194444 0.9900125 0.02579539 1.18514 2.4351 25544.072
2460900.90209491 1.0174327 0.02597915 1.18505 2.1767 25531.723
2460900.90224537 1.0028759 0.02588442 1.18496 2.2735 25549.973
2460900.90239583 1.0210257 0.0258734 1.18487 2.2956 25503.256
2460900.9025463 1.0204442 0.02605948 1.18478 2.4427 25592.002
2460900.90268518 1.0030166 0.02580839 1.1847 2.3654 25529.93
2460900.90283565 0.9855283 0.02574424 1.18461 2.362 25530.033
2460900.90298611 1.025416 0.02578377 1.18453 2.3061 25500.006
2460900.90313657 1.0333551 0.0254389 1.18444 2.294 25505.832
2460900.90328704 1.0269746 0.02596143 1.18436 2.3411 25512.58
2460900.90342593 1.0374789 0.02592096 1.18428 2.3056 25561.793
2460900.90357639 0.99430007 0.02562032 1.1842 2.3669 25587.762
2460900.90372685 0.99914914 0.02566293 1.18412 2.343 25534.502
2460900.90387731 1.0559874 0.02617274 1.18405 2.269 25599.352
2460900.90402778 1.0073243 0.02598538 1.18397 2.2798 25570.504
2460900.90416667 1.0136054 0.02598861 1.1839 2.2539 25592.361
2460900.90431713 0.99484485 0.02590901 1.18382 2.3074 25575.248
2460900.90446759 0.9547325 0.02573557 1.18375 2.4203 25572.883
2460900.90461806 0.9972874 0.02581709 1.18368 2.3106 25582.406
2460900.90476852 1.01972 0.02615376 1.1836 2.2423 25576.338
2460900.90491898 0.9989502 0.02560512 1.18353 2.182 25571.56
2460900.90505787 0.94958 0.02556656 1.18347 2.232 25549.951
2460900.90520833 0.9979742 0.02562847 1.1834 2.2713 25579.617
2460900.9053588 0.97389805 0.02578032 1.18333 2.2778 25542.125
2460900.90550926 0.94550407 0.02564226 1.18326 2.372 25564.766
2460900.90565972 1.0122393 0.02597691 1.1832 2.239 25538.498
2460900.90579861 1.0024667 0.02580511 1.18314 2.2749 25604.467
2460900.90594907 0.98953044 0.02565967 1.18308 2.2503 25598.016
2460900.90609954 1.0257072 0.0259426 1.18302 2.1079 25624.21
2460900.90625 0.9715829 0.02552104 1.18296 2.1654 25606.92
2460900.90640046 0.99471253 0.02574053 1.1829 2.4108 25659.496
2460900.90655093 0.9583977 0.02554557 1.18284 2.338 25623.893
2460900.90668981 0.99650633 0.02573388 1.18278 2.2536 25615.682
2460900.90684028 0.9921394 0.02562696 1.18273 2.0937 25652.377
2460900.90699074 1.003993 0.02570779 1.18267 2.4174 25635.002
2460900.9071412 0.9785169 0.02544391 1.18262 2.3067 25694.256
2460900.90728009 1.3052064 0.02754581 1.18257 2.1775 25762.541
2460900.90743056 1.0015208 0.02573828 1.18252 2.3712 25737.191
2460900.90758102 0.9879813 0.02566917 1.18247 2.3517 25729.463
2460900.90773148 0.9644255 0.02550938 1.18242 2.3217 25740.617
2460900.90788194 0.9958187 0.02578354 1.18237 2.2217 25695.848
2460900.90802083 0.9801928 0.02567348 1.18232 2.3042 25730.604
2460900.9081713 0.9885808 0.02576592 1.18228 2.3876 25682.72
2460900.90832176 1.0192754 0.02587187 1.18223 2.4745 25703.553
2460900.90847222 1.0293263 0.02609657 1.18219 2.2778 25711.246
2460900.90862269 0.95724285 0.02560581 1.18215 2.2707 25630.447
2460900.90877315 0.97589785 0.02569146 1.18211 2.3687 25686.69
2460900.90891204 1.0031271 0.02578329 1.18207 2.2656 25697.375
2460900.9090625 0.9783867 0.02585705 1.18203 2.3249 25723.451
2460900.90921296 1.0078884 0.0259156 1.18199 2.2117 25748.002
2460900.90936343 1.0246001 0.02617004 1.18195 2.4352 25741.154
2460900.90950231 0.96171385 0.02591227 1.18192 2.4216 25809.545
2460900.90965278 0.97781926 0.02560282 1.18188 2.3459 25797.338
2460900.90980324 1.0083829 0.02592359 1.18185 2.2805 25753.867
2460900.9099537 0.99654686 0.0256858 1.18182 2.2724 25737.475
2460900.91010417 0.98611414 0.02595104 1.18179 2.3362 25731.316
2460900.91024306 1.0120041 0.02594457 1.18175 2.3263 25710.723
2460900.91039352 0.97541714 0.02570125 1.18173 2.3201 25773.883
2460900.91054398 0.9801565 0.02580741 1.1817 2.3508 25770.545
2460900.91069444 0.98411566 0.02603095 1.18167 2.3557 25891.781
2460900.91084491 1.0209261 0.0261722 1.18165 2.252 25909.11
2460900.91099537 1.0241466 0.02600766 1.18162 2.3885 26008.254
2460900.91113426 0.9989196 0.02623154 1.1816 2.2545 25992.13
2460900.91128472 0.9893552 0.02579935 1.18157 2.3602 25980.877
2460900.91143519 1.027885 0.02586334 1.18155 2.2612 25897.93
2460900.91158565 0.97636825 0.02578733 1.18153 2.2926 25942.52
2460900.91172454 0.9965999 0.02573713 1.18151 2.3069 25910.244
2460900.911875 1.0021123 0.02571863 1.18149 2.3093 25899.773
2460900.91202546 1.0067378 0.0257613 1.18148 2.2614 25941.936
2460900.91217593 1.0404508 0.02607803 1.18146 2.3186 25974.97
2460900.91232639 1.0137347 0.02586594 1.18145 2.2116 25999.588
2460900.91246528 0.9709529 0.02562636 1.18144 2.2614 25970.295
2460900.91261574 1.0271767 0.02592061 1.18142 2.3207 25954.74
2460900.9127662 0.98910505 0.02580644 1.18141 2.2775 25987.43
2460900.91291667 1.0252963 0.0260566 1.1814 2.337 25955.543
2460900.91306713 1.0035464 0.02581238 1.18139 2.452 25964.785
2460900.91321759 0.974534 0.02555009 1.18138 2.2213 25999.615
2460900.91335648 1.0099372 0.02603171 1.18138 2.2503 26029.617
2460900.91350694 1.0223632 0.02604317 1.18137 2.225 26128.812
2460900.91365741 1.0059601 0.02601793 1.18137 2.3067 26146.086
2460900.91380787 0.9962227 0.02576955 1.18136 2.1752 26089.783
2460900.91394676 1.0205512 0.02622946 1.18136 2.3243 26113.572
2460900.91409722 0.9918172 0.02592008 1.18136 2.2803 26049.854
2460900.91424769 0.98425436 0.0256953 1.18135 2.2745 26138.678
2460900.91439815 0.98565364 0.02577135 1.18135 2.2479 26087.16
2460900.91454861 0.96330833 0.02572364 1.18136 2.1653 26083.012
2460900.9146875 1.0367242 0.02605275 1.18136 2.3038 26131.7
2460900.91483796 1.0443245 0.02641721 1.18136 2.3381 26181.703
2460900.91498843 0.97461134 0.025883 1.18137 2.353 26207.86
2460900.91513889 1.0091408 0.02588355 1.18137 2.3789 26207.766
2460900.91527778 0.98097205 0.02585172 1.18138 2.2248 26101.66
2460900.91542824 1.0437763 0.02621955 1.18139 2.2083 26101.193
2460900.9155787 0.97190106 0.02572207 1.1814 2.2994 26031.895
2460900.91572917 1.011585 0.02590765 1.18141 2.3235 26043.186
2460900.91587963 1.0034858 0.02569292 1.18142 2.2909 25998.408
2460900.91603009 0.9923513 0.02594743 1.18143 2.3953 26145.023
2460900.91616898 1.0240525 0.02621217 1.18145 2.4215 26119.51
2460900.91631944 1.0167844 0.02610959 1.18146 2.3265 26128.914
2460900.91646991 0.9947291 0.0260401 1.18148 2.304 26207.215
2460900.91662037 0.9992378 0.02623939 1.18149 2.2789 26148.205
2460900.91677083 1.0281783 0.02593772 1.18151 2.1788 26181.47
2460900.91690972 0.9759724 0.02605804 1.18153 2.2616 26259.912
2460900.91706019 0.9718973 0.0258389 1.18155 2.2493 26250.78
2460900.91721065 1.0100546 0.02606657 1.18157 2.3253 26257.113
2460900.91736111 0.98777246 0.02598439 1.18159 2.3726 26312.076
2460900.91751157 1.0074846 0.0261589 1.18162 2.1853 26385.5
2460900.91766204 0.9820325 0.02613939 1.18164 2.1679 26444.045
2460900.91780093 1.0028536 0.0261264 1.18167 2.1761 26337.773
2460900.91795139 1.0051647 0.02604747 1.18169 2.3246 26375.945
2460900.91810185 1.0232345 0.02642003 1.18172 2.3616 26593.123
2460900.91825231 1.0071198 0.02632525 1.18175 2.1847 26553.756
2460900.91840278 1.0387275 0.02656894 1.18178 2.3476 26592.393
2460900.91854167 0.9937066 0.02606065 1.18181 2.3209 26569.5
2460900.91869213 0.96906084 0.02613196 1.18184 2.3461 26663.467
2460900.91884259 1.0217923 0.02648307 1.18188 2.2722 26681.572
2460900.91899306 0.9682703 0.02596516 1.18191 2.2778 26679.121
2460900.91914352 1.013986 0.02647025 1.18195 2.2122 26739.506
2460900.91928241 0.9864737 0.02622976 1.18198 2.2519 26806.447
2460900.91943287 0.9916609 0.02622575 1.18202 2.328 26802.273
2460900.91958333 1.0097862 0.02634451 1.18206 2.285 26861.885
2460900.9197338 0.99164367 0.02629749 1.1821 2.2592 26879.986
2460900.91988426 1.0310594 0.02642939 1.18214 2.2806 26909.396
2460900.92002315 1.0030624 0.02645952 1.18218 2.3666 26974.041
2460900.92017361 0.97328985 0.02619574 1.18223 2.2277 27042.865
2460900.92032407 1.0140862 0.02648297 1.18227 2.313 27063.53
2460900.92047454 1.0160866 0.02655271 1.18232 2.3237 27145.512
2460900.920625 0.9614986 0.02617194 1.18236 2.3811 27296.389
2460900.92076389 1.0046542 0.02660849 1.18241 2.3583 27308.566
2460900.92091435 0.9921508 0.0265511 1.18246 2.2404 27267.346
2460900.92106482 0.9907134 0.02654691 1.18251 2.2961 27273.678
2460900.92121528 0.98772746 0.02660458 1.18256 2.2796 27341.0
2460900.92136574 1.017475 0.02694333 1.18261 2.2594 27439.332
2460900.92150463 0.978101 0.02654522 1.18266 2.3555 27523.842
2460900.92165509 0.98969865 0.02683443 1.18272 2.3597 27616.24
2460900.92180556 1.0189662 0.02686891 1.18277 2.2617 27638.785
2460900.92195602 1.0008389 0.02693873 1.18283 2.4077 27764.438
2460900.92210648 0.9833463 0.02678156 1.18289 2.3622 27827.25
2460900.92225694 1.0211188 0.02726375 1.18295 2.2401 27921.252
2460900.92239583 1.0137285 0.0269857 1.18301 2.2039 27970.799
