BJD FluxNorm FluxNormErr Airmass FWHM_TL SkyBg
2460900.77056713 0.92900896 0.06274442 1.97523 2.1997 18667.965
2460900.77078704 0.92302555 0.06302863 1.98414 2.1409 18633.71
2460900.7709375 0.8992348 0.06303562 1.98152 2.1248 18606.193
2460900.77108796 0.92498434 0.06314424 1.97895 2.1366 18594.113
2460900.77123843 0.8942782 0.06291573 1.97639 2.0612 18550.936
2460900.77137731 0.94654375 0.06320066 1.97384 2.1594 18540.105
2460900.77152778 0.987531 0.06317743 1.9713 1.9784 18517.527
2460900.77167824 0.9678534 0.06267208 1.96877 1.9302 18492.373
2460900.7718287 1.0116295 0.06364692 1.96626 2.1669 18478.623
2460900.77196759 0.9369903 0.06286362 1.96374 2.062 18452.637
2460900.77211806 0.8963746 0.06184953 1.96123 2.0143 18452.668
2460900.77226852 1.0102283 0.06301541 1.95874 1.9521 18420.24
2460900.77241898 0.9329806 0.06208389 1.95623 2.0348 18421.111
2460900.77255787 0.92678434 0.06109131 1.95374 2.0468 18406.555
2460900.77270833 0.8979931 0.06205211 1.95128 2.0673 18380.062
2460900.7728588 0.9169625 0.06181744 1.94882 2.0081 18407.691
2460900.77300926 0.91450435 0.06144103 1.94633 2.0699 18381.01
2460900.77314815 0.903742 0.06095656 1.94389 1.9861 18380.914
2460900.77329861 0.86474866 0.06043775 1.94144 1.9424 18372.514
2460900.77344907 0.97396624 0.06209743 1.93901 2.0787 18363.314
2460900.77359954 0.98286736 0.06186926 1.93659 2.032 18359.645
2460900.77373843 0.9393638 0.060849 1.9342 1.9836 18322.16
2460900.77388889 0.94609857 0.06113973 1.93178 1.9783 18286.414
2460900.77403935 0.94463444 0.06138071 1.92939 1.977 18263.42
2460900.77418981 1.0089377 0.06212821 1.92699 1.9298 18250.252
2460900.7743287 0.92081326 0.06006316 1.92461 2.0768 18225.316
2460900.77447917 0.9195963 0.06004862 1.92224 1.9853 18223.172
2460900.77462963 0.91286725 0.05999477 1.91988 2.0834 18175.46
2460900.77478009 0.9531934 0.06053272 1.91752 2.1425 18171.953
2460900.77491898 0.9606362 0.05957042 1.91516 2.0542 18149.17
2460900.77506944 0.97748303 0.05984683 1.91282 1.9906 18144.14
2460900.77521991 0.92574924 0.05957662 1.91044 2.0264 18130.94
2460900.77537037 0.9323659 0.06019715 1.9081 2.06 18137.988
2460900.77552083 0.9896899 0.06039625 1.90578 2.0762 18116.74
2460900.77565972 0.9380701 0.05910954 1.90348 1.982 18110.057
2460900.77581019 0.87806237 0.05873521 1.90115 1.9915 18069.867
2460900.77596065 0.8813781 0.05850648 1.89886 1.9893 18050.639
2460900.77611111 0.94431007 0.05928367 1.89656 2.071 18031.475
2460900.77625 0.9383879 0.05905498 1.89428 1.9881 17982.15
2460900.77640046 0.9292643 0.05852243 1.89199 2.102 17957.793
2460900.77655093 0.988927 0.05874174 1.88973 2.023 17931.66
2460900.77670139 0.9056192 0.05801695 1.88745 2.0763 17898.385
2460900.77684028 0.96754456 0.05861364 1.88521 2.0886 17898.318
2460900.77699074 0.9506926 0.05840233 1.88295 2.0423 17864.201
2460900.7771412 0.92080086 0.05705691 1.8807 2.032 17830.26
2460900.77729167 0.99232477 0.0581975 1.87847 2.0171 17804.443
2460900.77743056 0.9144646 0.05774669 1.87621 2.0109 17791.39
2460900.77758102 0.8996961 0.05716701 1.874 2.0376 17810.293
2460900.77773148 0.91531056 0.05646285 1.87177 2.0576 17770.262
2460900.77788194 0.8580761 0.05652637 1.86956 2.0657 17752.883
2460900.77802083 0.9533141 0.0576697 1.86735 1.9908 17718.85
2460900.7781713 0.93170696 0.05689356 1.86517 2.1327 17696.312
2460900.77832176 0.9193198 0.05701971 1.86298 2.1865 17654.705
2460900.77847222 0.966038 0.05694174 1.8608 2.0703 17622.65
2460900.77861111 0.96351707 0.05722325 1.85862 1.9805 17616.96
2460900.77876157 0.9282688 0.05652873 1.85645 2.0884 17573.734
2460900.77891204 0.9067705 0.05605985 1.85429 2.0394 17555.744
2460900.7790625 0.9965112 0.0569503 1.85214 2.0506 17552.48
2460900.77920139 0.94825053 0.05630678 1.85 2.0946 17519.678
2460900.77935185 0.9600441 0.05599469 1.84787 1.8915 17534.0
2460900.77950231 0.94796747 0.05642784 1.84573 2.0828 17551.299
2460900.77965278 0.95522976 0.05619385 1.84358 2.1713 17527.57
2460900.77980324 0.9214566 0.0558677 1.84146 2.1369 17542.686
2460900.77994213 0.9360353 0.05569511 1.83935 2.0344 17498.855
2460900.78009259 0.9846429 0.05613479 1.83723 2.0774 17518.031
2460900.78024306 0.94313127 0.05620785 1.83514 1.9877 17495.566
2460900.78038194 0.96213186 0.05608435 1.83305 2.1347 17470.406
2460900.78053241 0.9557517 0.05534006 1.83097 2.0801 17470.41
2460900.78068287 0.91329837 0.05474887 1.8289 2.0536 17431.938
2460900.78083333 0.90445167 0.05491668 1.82682 1.8827 17426.07
2460900.78097222 0.9277433 0.05443455 1.82475 2.0568 17406.826
2460900.78112269 0.9508697 0.05545633 1.82269 2.0245 17398.715
2460900.78127315 0.9668956 0.05526975 1.82063 2.025 17378.363
2460900.78142361 0.93863654 0.05485193 1.81858 2.1395 17377.52
2460900.7815625 0.88748705 0.05448015 1.81653 2.0923 17361.445
2460900.78171296 0.937221 0.05482194 1.81449 2.0127 17363.273
2460900.78186343 0.9026022 0.05402781 1.81243 1.9606 17375.78
2460900.78201389 0.9236364 0.05485442 1.8104 2.0914 17392.133
2460900.78216435 1.018761 0.05568607 1.80839 2.068 17379.729
2460900.78230324 0.93696547 0.05445659 1.80637 2.0263 17374.693
2460900.7824537 0.96844673 0.05460769 1.80436 2.0695 17368.56
2460900.78260417 0.99615747 0.05462785 1.80237 2.0323 17379.86
2460900.78275463 0.94650096 0.05423247 1.80037 1.9734 17364.414
2460900.78289352 0.90613055 0.05372516 1.79839 1.9836 17360.406
2460900.78304398 0.89886034 0.05363033 1.7964 2.0739 17310.043
2460900.78319444 0.9109341 0.05370451 1.79443 1.9361 17304.223
2460900.78334491 0.899815 0.05329968 1.79245 2.0678 17268.56
2460900.7834838 0.9393581 0.05362766 1.7905 2.0737 17263.398
2460900.78363426 0.97484565 0.05388806 1.78853 2.0879 17226.072
2460900.78378472 0.9454797 0.05374391 1.78658 2.114 17216.564
2460900.78392361 0.87645435 0.05299141 1.78463 2.0943 17195.467
2460900.78407407 0.9571057 0.0535355 1.78266 2.0611 17153.824
2460900.78422454 1.0091552 0.05362074 1.78072 2.0675 17115.299
2460900.784375 0.950482 0.0531797 1.77879 2.1125 17101.748
2460900.78452546 0.93265015 0.05273328 1.77687 1.9368 17111.807
2460900.78466435 0.9968338 0.05327838 1.77495 2.1399 17083.422
2460900.78481482 0.95829815 0.05283905 1.77303 2.0365 17085.605
2460900.78496528 0.9144353 0.05263168 1.77113 2.0434 17084.07
2460900.78511574 0.94719505 0.05242159 1.76923 2.1357 17070.996
2460900.78525463 0.9708944 0.05303052 1.76734 2.0743 17063.775
2460900.78540509 0.9363299 0.05248401 1.76545 2.0185 17055.951
2460900.78555556 0.8612734 0.05201612 1.76358 2.0696 17034.729
2460900.78570602 0.8631474 0.05124046 1.7617 2.0567 17013.291
2460900.78584491 0.9252392 0.05195985 1.75983 2.1177 16999.068
2460900.78599537 0.94320714 0.05252446 1.75797 2.0776 16960.072
2460900.78614583 0.953586 0.05204648 1.75611 1.8882 16952.633
2460900.7862963 0.9119027 0.05186061 1.75422 2.1498 16946.219
2460900.78644676 1.02429 0.05258425 1.75237 1.9658 16911.693
2460900.78658565 1.011072 0.05212874 1.75054 2.061 16903.855
2460900.78673611 0.9379999 0.05114771 1.74869 2.0796 16861.771
2460900.78688657 1.0016919 0.05224993 1.74686 2.1235 16893.832
2460900.78703704 0.9299854 0.0515505 1.74504 2.0438 16860.068
2460900.78717593 0.9588126 0.05214307 1.74322 2.0289 16876.805
2460900.78732639 0.9349556 0.05100808 1.74141 2.0976 16856.441
2460900.78747685 0.95013165 0.05123374 1.7396 1.9844 16814.506
2460900.78762731 0.98880285 0.05172519 1.73779 2.0176 16845.613
2460900.7877662 0.99509746 0.05193564 1.73599 2.0165 16798.867
2460900.78791667 0.97358537 0.05131429 1.7342 2.0625 16794.428
2460900.78806713 0.98589146 0.05144997 1.73241 1.9302 16789.588
2460900.78820602 0.96010584 0.05077711 1.73063 2.0027 16733.697
2460900.78835648 0.9580334 0.05094876 1.72885 2.0599 16717.664
2460900.78850694 0.99255586 0.05148089 1.72706 1.9036 16695.865
2460900.78865741 0.965785 0.05127669 1.72529 1.9816 16703.291
2460900.78880787 0.98537385 0.05089085 1.72353 1.9892 16685.89
2460900.78894676 0.9995509 0.05059694 1.72177 2.0051 16654.512
2460900.78909722 0.9949643 0.05083447 1.72002 2.1183 16646.604
2460900.78924769 0.95989305 0.05058135 1.71828 2.0606 16644.762
2460900.78939815 0.9298356 0.05028305 1.71655 2.1109 16617.303
2460900.78953704 0.93339616 0.04971408 1.7148 2.0181 16617.787
2460900.7896875 0.93697274 0.05000326 1.71308 1.9944 16590.627
2460900.78983796 0.9615414 0.05008624 1.71133 2.0789 16577.553
2460900.78997685 0.90052223 0.04936306 1.70962 1.9533 16526.395
2460900.79012731 0.9919145 0.05001204 1.7079 2.0991 16525.283
2460900.79027778 0.94585747 0.04985137 1.70619 1.9108 16505.314
2460900.79042824 0.9827984 0.04987388 1.70449 2.0975 16511.74
2460900.79056713 0.95057833 0.04970099 1.70279 1.9469 16497.543
2460900.79071759 0.94974613 0.04934194 1.70108 2.01 16494.168
2460900.79086806 0.9629588 0.04962275 1.69938 2.0379 16475.072
2460900.79101852 0.9674576 0.05006676 1.69769 1.9425 16474.594
2460900.79116898 0.9437601 0.04936184 1.696 2.0399 16470.625
2460900.79130787 0.969889 0.04969703 1.69433 2.015 16478.555
2460900.79145833 0.9470121 0.0489512 1.69265 1.9778 16439.97
2460900.7916088 0.946737 0.0487391 1.69098 2.0219 16453.93
2460900.79175926 0.9291067 0.04882992 1.68932 1.971 16425.738
2460900.79189815 0.8791752 0.04842226 1.68766 1.9944 16424.412
2460900.79204861 0.9689654 0.04917449 1.686 2.063 16416.479
2460900.79219907 0.95487964 0.04951375 1.68435 1.9403 16374.159
2460900.79234954 0.9428376 0.04856971 1.68271 2.0248 16396.04
2460900.79248843 0.99329096 0.04869912 1.68108 1.9383 16332.868
2460900.79263889 0.89731604 0.04756693 1.67944 1.9001 16319.576
2460900.79278935 0.94197464 0.04863479 1.67782 1.9645 16327.756
2460900.79293981 0.952019 0.04884746 1.67617 1.9067 16291.855
2460900.79309028 0.94538295 0.04838101 1.67455 1.9747 16250.1
2460900.79322917 1.0332605 0.04929939 1.67294 2.1254 16247.542
2460900.79337963 0.89885706 0.04807755 1.67133 2.0393 16226.386
2460900.79353009 0.93271565 0.04805697 1.66972 1.9825 16237.522
2460900.79368056 0.9734326 0.04858803 1.66811 1.8997 16223.274
2460900.79381944 0.9720638 0.04830342 1.66651 1.8606 16206.621
2460900.79396991 0.90276444 0.04789288 1.66492 1.9218 16221.426
2460900.79412037 0.9876902 0.04857587 1.66334 2.0494 16223.16
2460900.79427083 0.90187514 0.04764674 1.66175 2.0214 16221.429
2460900.79440972 0.9784309 0.04714816 1.66017 1.9446 16193.88
2460900.79456019 1.000759 0.0478069 1.65861 1.966 16196.249
2460900.79471065 0.93757534 0.04741688 1.65703 1.9433 16191.246
2460900.79486111 0.91644794 0.04698172 1.65546 2.0695 16180.725
2460900.795 0.93263566 0.04792967 1.6539 1.9438 16156.846
2460900.79515046 0.89907 0.04714872 1.65232 1.9179 16128.764
2460900.79530093 1.0008621 0.04771378 1.65077 2.0228 16124.22
2460900.79545139 0.9693051 0.04764807 1.64922 1.9166 16110.212
2460900.79560185 0.94446516 0.04712186 1.64767 2.0686 16082.521
2460900.79574074 0.995811 0.04775711 1.64613 1.9742 16034.698
2460900.7958912 0.97597754 0.0472175 1.6446 1.9956 16040.462
2460900.79604167 0.9400645 0.04687839 1.64307 2.0394 16010.977
2460900.79619213 0.97069204 0.04719243 1.64155 1.9373 15980.443
2460900.79633102 0.9473755 0.04696269 1.64003 1.9374 15964.053
2460900.79648148 1.02889 0.04746298 1.63853 1.9032 15964.003
2460900.79663194 0.96028996 0.04663157 1.63702 2.029 15963.617
2460900.79678241 0.91260856 0.04644134 1.63551 1.8243 15924.564
2460900.7969213 0.9317173 0.04633436 1.634 1.8961 15933.769
2460900.79707176 1.0331935 0.04734696 1.63251 2.0883 15906.416
2460900.79722222 0.9599412 0.04640808 1.63102 1.9258 15894.464
2460900.79737269 0.93107194 0.04600691 1.6295 1.9778 15919.35
2460900.79751157 0.90904725 0.04624994 1.62803 2.0137 15912.379
2460900.79766204 0.94130147 0.04623677 1.62654 1.9728 15878.187
2460900.7978125 1.0441905 0.04721054 1.62506 1.9536 15875.83
2460900.79796296 0.9488924 0.04570088 1.62358 1.9948 15863.491
2460900.79810185 0.9500171 0.04611482 1.62212 2.0034 15833.28
2460900.79825231 0.8800857 0.04522179 1.62066 1.94 15839.99
2460900.79840278 0.9400086 0.04577139 1.61921 1.9941 15815.485
2460900.79855324 0.9646718 0.04619457 1.61775 1.9885 15825.943
2460900.79869213 0.974073 0.04596359 1.6163 1.949 15797.681
2460900.79884259 0.9871795 0.04658042 1.61486 2.0241 15791.845
2460900.79899306 0.9329605 0.04602091 1.61341 2.0886 15768.258
2460900.79914352 0.9502829 0.04617472 1.61197 1.952 15768.947
2460900.79928241 0.9850297 0.04608391 1.61053 1.9256 15744.681
2460900.79943287 1.0043844 0.0463397 1.6091 2.0042 15739.424
2460900.79958333 0.9611839 0.04553942 1.60765 2.0428 15728.083
2460900.7997338 0.98531586 0.04567475 1.60623 2.0327 15732.115
2460900.79988426 1.0120808 0.04606392 1.60481 1.9824 15705.696
2460900.80002315 0.9014369 0.04495919 1.60339 2.021 15706.432
2460900.80017361 0.948229 0.04552227 1.60197 2.1602 15713.721
2460900.80032407 0.9052034 0.04508918 1.60056 1.988 15693.041
2460900.80046296 0.93675685 0.04504475 1.59916 2.0462 15692.405
2460900.80061343 0.9179047 0.04531069 1.59776 1.9998 15672.903
2460900.80076389 0.98975855 0.04553379 1.59637 1.9771 15671.929
2460900.80091435 0.98168314 0.04556936 1.59498 2.1154 15648.459
2460900.80106481 0.9559503 0.0455027 1.59358 2.0761 15637.682
2460900.8012037 0.96842533 0.04507515 1.59219 2.0309 15634.616
2460900.80135417 1.026859 0.04602737 1.59082 2.0377 15609.156
2460900.80150463 1.0097857 0.04534173 1.58944 2.0496 15633.882
2460900.80164352 0.9917979 0.04506858 1.58807 1.9199 15588.371
2460900.80179398 0.956888 0.04499679 1.58667 1.9386 15568.964
2460900.80194444 0.9273576 0.04478687 1.58531 1.9822 15566.061
2460900.80209491 0.98306745 0.04481799 1.58394 1.9587 15574.896
2460900.80224537 0.95533246 0.04445033 1.58258 1.9123 15548.299
2460900.80238426 0.92556137 0.04438459 1.58124 2.0451 15528.652
2460900.80253472 0.9445582 0.04436002 1.57989 2.0016 15495.174
2460900.80268519 0.9848188 0.04485032 1.57855 1.9878 15504.584
2460900.80283565 0.93129146 0.04455899 1.5772 2.0051 15461.145
2460900.80297454 1.0165973 0.04488264 1.57586 1.9953 15469.915
2460900.803125 1.0004265 0.04433441 1.57452 2.0214 15449.951
2460900.80327546 0.980019 0.04468979 1.57319 2.0128 15465.858
2460900.80342593 1.0167167 0.04504614 1.57185 2.0857 15451.723
2460900.80356481 0.90226525 0.04343814 1.57053 2.1253 15422.628
2460900.80371528 0.99682736 0.04474236 1.56921 2.0418 15434.661
2460900.80386574 0.9877748 0.04474429 1.5679 1.9938 15409.924
2460900.8040162 0.9897514 0.04413133 1.56655 1.9827 15426.154
2460900.80416667 0.98480207 0.04441968 1.56524 1.9407 15394.748
2460900.80430556 0.9279667 0.04294154 1.56392 1.9782 15389.456
2460900.80445602 0.9855215 0.04390762 1.56262 2.0526 15398.994
2460900.80460648 1.0047178 0.04425882 1.56133 2.0451 15398.839
2460900.80475694 1.0293988 0.04448999 1.56003 1.9825 15387.903
2460900.80489583 0.9007398 0.04349034 1.55874 1.8522 15401.545
2460900.8050463 0.94511354 0.04338795 1.55746 1.8774 15395.115
2460900.80519676 0.9620963 0.04399756 1.55617 1.8163 15380.463
2460900.80534722 0.9187128 0.04325483 1.55489 2.0426 15358.173
2460900.80548611 1.001556 0.04390081 1.5536 2.0196 15348.139
2460900.80563657 0.98320216 0.04373632 1.55233 2.0353 15335.731
2460900.80578704 0.9627718 0.04338254 1.55107 2.0003 15293.173
2460900.8059375 0.9933532 0.04387115 1.5498 1.9607 15312.073
2460900.80607639 1.008223 0.04400223 1.54854 2.0139 15278.915
2460900.80622685 0.94869083 0.04340421 1.54727 2.0228 15253.508
2460900.80637731 1.0109689 0.04391509 1.54602 2.068 15274.457
2460900.80652778 0.95874417 0.04356777 1.54476 2.0417 15276.832
2460900.80666667 1.0087837 0.0436099 1.54351 2.0402 15258.719
2460900.80681713 0.955178 0.0434862 1.54226 2.0841 15266.28
2460900.80696759 0.9609713 0.04301679 1.54102 2.0876 15229.121
2460900.80711806 0.9985422 0.04369633 1.53978 1.9984 15255.502
2460900.80725694 0.87838274 0.04274945 1.53855 2.0624 15260.856
2460900.80740741 0.96049565 0.04341425 1.53732 2.0576 15279.9
2460900.80755787 0.9451752 0.04249829 1.53609 2.001 15268.178
2460900.80770833 0.9659801 0.04340274 1.53487 2.0103 15253.723
2460900.80784722 0.9774748 0.04341116 1.53364 2.0726 15233.138
2460900.80799769 0.98699677 0.04333244 1.53244 1.9327 15248.043
2460900.80814815 0.99589455 0.04340383 1.53122 2.0581 15247.349
2460900.80828704 1.0117244 0.04403165 1.53001 2.1041 15190.164
2460900.8084375 0.9806171 0.04315468 1.52878 1.9422 15224.278
2460900.80858796 0.9643067 0.04291023 1.52757 1.9569 15174.275
2460900.80873843 0.9634076 0.04292078 1.52637 2.0659 15153.319
2460900.80888889 1.0147051 0.04280224 1.52518 2.054 15131.395
2460900.80902778 0.9279014 0.04214322 1.52399 1.9529 15125.304
2460900.80917824 0.9979401 0.04282524 1.5228 2.0001 15115.181
2460900.8093287 0.9629878 0.04240006 1.52162 1.9146 15090.893
2460900.80946759 0.95407414 0.04261159 1.52043 1.9207 15092.269
2460900.80961806 0.9821659 0.04268422 1.51925 2.0087 15067.939
2460900.80976852 0.9874551 0.0431169 1.51807 1.9828 15062.123
2460900.80991898 0.9435825 0.04264144 1.5169 2.0603 15044.953
2460900.81005787 0.9619631 0.04301821 1.51572 1.9884 15057.738
2460900.81020833 1.0164832 0.04277929 1.51455 2.0185 15055.236
2460900.8103588 0.94777083 0.04218809 1.51338 1.9849 15039.959
2460900.81050926 0.9722178 0.04225985 1.51222 2.0454 15060.235
2460900.81065972 0.9931938 0.04247395 1.51103 1.9857 15057.627
2460900.81079861 1.010496 0.04246309 1.50987 1.9561 15050.949
2460900.81094907 1.0139949 0.04254047 1.50872 2.0624 15042.177
2460900.81109954 0.9314821 0.04180404 1.50757 2.085 15049.376
2460900.81125 1.0142872 0.04243635 1.50643 2.1369 15050.121
2460900.81138889 0.9717639 0.04223289 1.50529 2.0528 15044.0
2460900.81153935 1.0121135 0.04220876 1.50414 2.0333 15021.396
2460900.81168982 0.97993946 0.04239059 1.50301 2.0247 15034.183
2460900.81184028 1.0413643 0.04291675 1.50187 2.0766 14987.637
2460900.81197917 0.9139491 0.04166357 1.50074 2.0522 14984.012
2460900.81212963 0.8762727 0.04022026 1.49962 1.9839 14978.834
2460900.81228009 0.9979388 0.04232109 1.49849 2.0363 14988.087
2460900.81241898 0.99298143 0.04196419 1.49738 2.0942 14936.518
2460900.81256944 0.9628278 0.04175251 1.49627 2.0569 14972.227
2460900.81271991 1.0081078 0.04220337 1.49514 2.0232 14932.623
2460900.81287037 0.9964573 0.04191986 1.49401 1.9943 14940.281
2460900.81302083 0.9762603 0.04180588 1.4929 1.848 14942.477
2460900.81315972 1.0376647 0.04221255 1.4918 1.9712 14924.464
2460900.81331018 1.0181267 0.04192659 1.4907 2.0075 14920.464
2460900.81346065 0.9138194 0.04133035 1.4896 2.0136 14943.74
2460900.81361111 0.94344604 0.04172119 1.4885 1.9529 14906.393
2460900.81375 0.9800546 0.04201669 1.48741 1.9765 14894.558
2460900.81390046 0.94784415 0.04173817 1.48631 2.2405 14892.418
2460900.81405093 0.9866809 0.0415832 1.48521 2.0714 14870.646
2460900.81420139 0.9293204 0.04075848 1.48413 1.9221 14855.271
2460900.81434028 0.9699277 0.04136473 1.48305 1.9956 14838.969
2460900.81449074 0.93876773 0.04102403 1.48197 2.014 14816.405
2460900.8146412 0.9149442 0.04080145 1.4809 1.9267 14816.368
2460900.81479167 0.9738647 0.04141761 1.47982 1.9266 14802.33
2460900.81493056 0.95873624 0.04140657 1.47876 2.0426 14808.287
2460900.81508102 0.9743754 0.04142058 1.47767 1.9583 14788.383
2460900.81523148 0.9630934 0.04134126 1.4766 2.0431 14771.855
2460900.81538194 0.99497944 0.04149406 1.47554 2.0335 14786.226
2460900.81552083 1.004155 0.04142491 1.47448 2.0711 14785.92
2460900.8156713 1.0456257 0.04178376 1.47342 2.0751 14779.429
2460900.81582176 1.0078971 0.04141349 1.47237 1.987 14775.158
2460900.81597222 1.033058 0.04130745 1.47132 2.0189 14761.227
2460900.81611111 0.8884 0.0398857 1.47026 1.9991 14771.303
2460900.81626157 0.9484948 0.04087892 1.46922 2.0667 14765.6
2460900.81641204 0.9787 0.04101941 1.46818 2.0369 14765.683
2460900.8165625 0.9557555 0.04095435 1.46714 1.9967 14788.512
2460900.81670139 1.0184877 0.0411732 1.4661 1.9273 14785.717
2460900.81685185 0.9693565 0.04090869 1.46507 1.9407 14754.471
2460900.81700231 0.9978394 0.04118216 1.46403 1.9902 14772.029
2460900.81715278 0.9983417 0.04093359 1.463 1.9613 14766.254
2460900.81730324 0.96789867 0.04076924 1.46196 1.9913 14763.64
2460900.81744213 0.9736387 0.04052562 1.46095 2.0233 14733.634
2460900.81759259 1.0061667 0.04109456 1.45992 2.0366 14722.945
2460900.81774306 0.94496214 0.04070499 1.4589 1.9737 14734.642
2460900.81789352 0.971317 0.04069396 1.45789 1.9732 14707.077
2460900.81803241 0.946185 0.04043725 1.45687 2.0235 14702.654
2460900.81818287 0.9700528 0.04085475 1.45586 1.9597 14695.815
2460900.81833333 1.0006077 0.04063098 1.45485 1.9183 14695.279
2460900.8184838 0.9715547 0.04032229 1.45385 1.9747 14683.197
2460900.81862269 0.98572063 0.0407869 1.45285 1.8942 14688.922
2460900.81877315 0.9642864 0.04058329 1.45184 1.982 14646.447
2460900.81892361 1.0310168 0.04089702 1.45086 1.9046 14654.645
2460900.81907407 0.9931409 0.04049061 1.44986 2.0368 14650.016
2460900.81921296 1.0036509 0.04072586 1.44887 2.0564 14653.854
2460900.81936343 0.98728323 0.04050627 1.44789 1.9634 14638.842
2460900.81951389 0.9759288 0.04054607 1.44689 2.0389 14656.05
2460900.81966435 0.9986959 0.04051096 1.44591 1.9203 14620.306
2460900.81980324 1.0051348 0.04080019 1.44493 1.917 14636.167
2460900.8199537 0.935316 0.0402983 1.44396 1.9916 14652.965
2460900.82010417 0.9293423 0.03970415 1.44298 2.0327 14632.176
2460900.82025463 0.90901816 0.03887146 1.44201 1.9863 14638.168
2460900.82039352 0.9901396 0.04008825 1.44105 2.0251 14629.621
2460900.82054398 1.0060941 0.04014617 1.44009 1.9532 14623.354
2460900.82069444 0.9982137 0.04076871 1.43912 2.0606 14604.273
2460900.82084491 1.0199893 0.04057736 1.43816 2.0225 14608.136
2460900.8209838 0.97698754 0.03994815 1.4372 2.0358 14612.914
2460900.82113426 0.9319312 0.03941421 1.43625 1.8862 14614.933
2460900.82128472 1.0257503 0.04030933 1.4353 1.8219 14606.74
2460900.82142361 1.0049839 0.04012073 1.43435 1.8683 14619.482
2460900.82157407 0.9471764 0.03996893 1.43341 2.0125 14612.892
2460900.82172454 0.98542374 0.04016128 1.43245 1.8997 14599.83
2460900.821875 1.0253294 0.04034187 1.43151 1.9753 14598.632
2460900.82202546 1.0084255 0.03997157 1.43057 1.9457 14597.071
2460900.82216435 0.92898667 0.03931527 1.42963 2.0203 14594.554
2460900.82231481 0.9757843 0.03980619 1.4287 1.9768 14604.205
2460900.82246528 1.0314577 0.04003629 1.42777 2.0376 14602.622
2460900.82261574 0.98917675 0.03971628 1.42683 1.9927 14582.577
2460900.82275463 0.9766619 0.03955451 1.4259 1.9649 14583.423
2460900.82290509 0.9634219 0.03996263 1.42498 1.9699 14579.694
2460900.82305556 0.9571274 0.03943093 1.42407 1.9508 14583.053
2460900.82320602 0.96769375 0.03988768 1.42315 1.859 14563.303
2460900.82334491 1.0301976 0.04050764 1.42222 1.9298 14551.48
2460900.82349537 0.95401645 0.03938148 1.42131 1.9339 14567.972
2460900.82364583 0.9214686 0.03912572 1.4204 1.915 14537.824
2460900.8237963 0.91528857 0.03924591 1.41949 2.0672 14550.743
2460900.82394676 1.011374 0.03972531 1.41857 1.9268 14548.037
2460900.82408565 0.9575401 0.03953243 1.41767 2.02 14551.971
2460900.82423611 0.97665834 0.03948716 1.41677 1.8953 14546.46
2460900.82438657 0.9799737 0.03951762 1.41588 2.0216 14496.413
2460900.82453704 0.9671098 0.03982913 1.41498 1.9838 14508.916
2460900.82467593 1.0009913 0.03956945 1.41408 2.0081 14500.437
2460900.82482639 0.9534064 0.03902861 1.41318 1.8405 14490.396
2460900.82497685 1.0191445 0.03965246 1.4123 1.969 14479.443
2460900.82511574 0.98738194 0.03938004 1.41141 1.9525 14461.905
2460900.8252662 0.9702268 0.039228 1.41053 1.9968 14446.5
2460900.82541667 1.034477 0.04027849 1.40965 2.0523 14476.253
2460900.82556713 1.0048326 0.03990022 1.40877 1.9311 14462.372
2460900.82570602 0.971475 0.03911763 1.40789 1.9506 14450.024
2460900.82585648 1.007457 0.03946438 1.40702 1.9556 14464.279
2460900.82600694 0.9490709 0.03856849 1.40614 1.9366 14453.915
2460900.82615741 0.9482784 0.03889852 1.40527 1.976 14443.402
2460900.82630787 0.980082 0.03930768 1.4044 1.9961 14451.963
2460900.82644676 0.9803955 0.03935454 1.40353 1.8649 14437.895
2460900.82659722 1.0193286 0.03986486 1.40267 2.0756 14449.396
2460900.82674769 0.9753717 0.03944614 1.40181 2.0079 14441.803
2460900.82689815 0.9801887 0.03931965 1.40095 2.0629 14416.792
2460900.82703704 0.99390054 0.03921735 1.40009 1.9718 14438.407
2460900.8271875 0.9672692 0.03912597 1.39924 1.912 14438.062
2460900.82733796 0.98043686 0.03887829 1.39838 1.8912 14417.129
2460900.82748843 1.0010322 0.03917321 1.39753 1.8739 14436.727
2460900.82762731 0.9805981 0.03897146 1.39669 1.8718 14434.015
2460900.82777778 0.96858215 0.03870219 1.39585 1.9627 14436.496
2460900.82792824 1.0103221 0.03881274 1.39501 1.8713 14434.438
2460900.8280787 0.996777 0.03904771 1.39417 1.9502 14412.739
2460900.82821759 1.0297006 0.03930337 1.39333 2.0048 14395.878
2460900.82836806 0.963632 0.03873776 1.39248 1.9279 14420.874
2460900.82851852 1.0098927 0.03865762 1.39164 2.0062 14420.116
2460900.82866898 1.0090687 0.03896826 1.39081 1.9292 14391.274
2460900.82880787 1.0146933 0.03890659 1.38998 2.0779 14390.235
2460900.82895833 0.9561216 0.03843364 1.38916 1.9035 14370.78
2460900.8291088 0.9727081 0.03862188 1.38834 1.9805 14351.646
2460900.82925926 0.9334057 0.03815002 1.38752 1.8609 14359.873
2460900.82939815 0.9683291 0.03848813 1.3867 1.9352 14365.771
2460900.82954861 0.9566776 0.03866264 1.38588 1.8802 14336.739
2460900.82969907 1.0158205 0.03888338 1.38507 1.9651 14327.171
2460900.82984954 0.9944303 0.03847881 1.38425 1.8948 14299.82
2460900.82998843 0.995826 0.03846031 1.38344 2.004 14311.629
2460900.83013889 1.010391 0.03901074 1.38263 1.9541 14337.566
2460900.83028935 1.0345745 0.03910437 1.38183 1.8274 14295.436
2460900.83043981 0.9834628 0.03858468 1.38102 1.9713 14320.127
2460900.83059028 0.98855907 0.03873253 1.38021 1.9685 14301.712
2460900.83072917 1.0077914 0.038874 1.37941 2.0096 14293.503
2460900.83087963 1.0000492 0.03858622 1.37861 1.9347 14287.938
2460900.83103009 0.9954556 0.03839099 1.37782 1.9977 14286.476
2460900.83118056 0.98739153 0.03860773 1.37702 1.9026 14290.739
2460900.83131944 0.9840131 0.0385291 1.37624 2.0446 14280.61
2460900.83146991 1.0266112 0.03886604 1.37546 1.9787 14260.569
2460900.83162037 0.99667335 0.03828112 1.37467 1.9872 14251.233
2460900.83177083 0.9928291 0.03849267 1.37389 1.8834 14261.438
2460900.83190972 0.98258334 0.03878038 1.3731 1.9956 14265.915
2460900.83206019 1.0428135 0.03860478 1.37232 1.9632 14243.646
2460900.83221065 0.9937104 0.03845138 1.37155 1.7941 14223.096
2460900.83234954 0.9971209 0.03835517 1.37078 1.9669 14239.991
2460900.8325 0.9910033 0.03829575 1.36999 1.9497 14212.811
2460900.83265046 0.99877185 0.03870263 1.36924 1.9329 14233.702
2460900.83280093 0.9557237 0.03811297 1.36846 1.9789 14228.864
2460900.83295139 0.985284 0.0382069 1.36769 2.0204 14207.561
2460900.83309028 0.96588945 0.03784814 1.36693 1.8783 14200.645
2460900.83324074 1.025739 0.03865533 1.36617 1.8674 14208.283
2460900.8333912 1.0247412 0.03843692 1.3654 1.9536 14191.931
2460900.83353009 0.9852702 0.03782677 1.36465 1.8658 14165.339
2460900.83368056 0.94817054 0.03768599 1.3639 1.9153 14164.485
2460900.83383102 0.99325 0.03843488 1.36314 1.9747 14181.859
2460900.83398148 1.0320117 0.03838817 1.36239 1.9267 14177.503
2460900.83412037 1.0042157 0.03806128 1.36164 2.0251 14200.457
2460900.83427083 0.9728521 0.03808877 1.36089 1.9886 14189.951
2460900.8344213 0.95656437 0.03759721 1.36014 1.9487 14151.928
2460900.83457176 1.0410893 0.03834329 1.3594 1.9525 14143.509
2460900.83471065 0.9545679 0.0381207 1.35867 2.0367 14145.84
2460900.83486111 0.9791781 0.0379702 1.35792 2.0486 14144.344
2460900.83501157 1.0026096 0.03837128 1.35717 1.997 14153.256
2460900.83516204 1.0241226 0.03786965 1.35644 1.9447 14132.507
2460900.8353125 1.0208014 0.03813273 1.35571 1.9187 14119.581
2460900.83545139 0.96037996 0.0376769 1.35498 1.97 14095.774
2460900.83560185 1.0700196 0.03825581 1.35425 1.9705 14102.418
2460900.83575231 1.0168021 0.03834297 1.35353 1.9814 14113.357
2460900.83590278 1.0169095 0.03816802 1.35279 1.884 14130.13
2460900.83604167 1.0007333 0.03774888 1.35207 1.972 14108.834
2460900.83619213 1.0345091 0.03814891 1.35135 1.9451 14092.005
2460900.83634259 0.98872745 0.03769576 1.35063 1.9442 14065.777
2460900.83649306 0.9903116 0.0374834 1.34992 2.018 14085.251
2460900.83663194 0.97685117 0.03759481 1.34921 1.9392 14107.83
2460900.83678241 0.98992616 0.03764663 1.34849 1.8933 14086.685
2460900.83693287 0.9812259 0.03762115 1.34778 1.948 14083.499
2460900.83708333 0.9684961 0.03763485 1.34707 1.9902 14079.86
2460900.8372338 1.0131656 0.03768682 1.34635 1.9314 14079.447
2460900.83737269 0.9904282 0.03784065 1.34564 1.99 14070.223
2460900.83752315 1.0050642 0.03776545 1.34494 2.0538 14071.299
2460900.83767361 1.018581 0.03754303 1.34423 1.9353 14046.957
2460900.83782407 0.99995065 0.03727172 1.34354 1.9889 14059.815
2460900.83796296 1.0144709 0.03760462 1.34284 1.9981 14033.67
2460900.83811343 0.939616 0.03744609 1.34215 1.7386 14034.653
2460900.83826389 1.0105772 0.0374826 1.34145 1.9872 14021.963
2460900.83840278 0.93204594 0.03679574 1.34077 1.9585 14006.968
2460900.83855324 0.99059206 0.03761883 1.34008 1.9078 14001.98
2460900.8387037 0.94058734 0.03714581 1.33939 1.9658 14023.84
2460900.83885417 1.0032291 0.03783098 1.3387 1.9924 14015.398
2460900.83900463 0.97232264 0.03765168 1.33801 1.9159 14016.582
2460900.83914352 0.9499857 0.03737605 1.33733 1.9368 14000.332
2460900.83929398 0.9902427 0.03710764 1.33665 1.9585 14000.392
2460900.83944444 1.0534339 0.03765444 1.33596 1.9517 13960.625
2460900.83959491 1.0357851 0.03763672 1.33529 1.9789 13965.367
2460900.8397338 1.0395826 0.0373524 1.33461 1.989 13964.211
2460900.83988426 0.99728245 0.03757813 1.33394 1.915 13992.804
2460900.84003472 1.0025623 0.03720367 1.33327 1.9903 13991.708
2460900.84018518 0.992215 0.03703704 1.3326 1.895 13976.6
2460900.84032407 1.0327001 0.03772243 1.33193 1.9523 13961.44
2460900.84047454 1.0309103 0.0374025 1.33127 1.9324 13962.403
2460900.840625 0.9934413 0.03764899 1.33061 1.9283 13976.084
2460900.84077546 0.9469648 0.03702461 1.32995 1.9812 13973.876
2460900.84091435 0.97658616 0.03733857 1.32929 1.9814 13958.918
2460900.84106481 0.97839594 0.0372005 1.32863 1.9217 13961.223
2460900.84121528 0.98674124 0.0372327 1.32798 2.0463 13965.738
2460900.84136574 1.0337051 0.03717291 1.32732 1.9951 13940.055
2460900.8415162 0.991336 0.03675425 1.32667 1.8653 13908.054
2460900.84165509 0.96595764 0.03664762 1.326 1.9466 13924.627
2460900.84180556 0.93796194 0.0369372 1.32536 1.911 13926.773
2460900.84195602 0.9725305 0.03667854 1.32471 1.8326 13914.624
2460900.84210648 1.010211 0.03714993 1.32406 1.9425 13900.301
2460900.84225694 1.0029987 0.03705122 1.32342 1.9629 13892.665
2460900.84240741 0.9843143 0.03703193 1.32277 1.9432 13938.496
2460900.84255787 1.0446126 0.03746045 1.32214 1.9128 13930.224
2460900.84270833 1.0243354 0.03711382 1.3215 1.9596 13926.161
2460900.84284722 1.0012552 0.03705979 1.32087 1.9888 13907.943
2460900.84299769 0.9706852 0.03695104 1.32023 1.9932 13925.656
2460900.84314815 0.98078054 0.03668434 1.3196 1.957 13921.978
2460900.84329861 1.0027102 0.03681203 1.31897 1.9393 13917.219
2460900.8434375 0.9582555 0.03655999 1.31835 1.9356 13887.698
2460900.84358796 0.99430233 0.03682962 1.31772 1.9753 13914.47
2460900.84373843 1.0034292 0.0370822 1.31709 1.9344 13899.698
2460900.84388889 1.0025582 0.03698738 1.31647 2.0023 13893.628
2460900.84403935 0.9998004 0.03700854 1.31584 1.8899 13892.111
2460900.84417824 0.98828465 0.0372574 1.31523 1.9549 13875.406
2460900.8443287 1.0528017 0.03748368 1.31461 1.8878 13914.146
2460900.84447917 1.0172998 0.03714732 1.31399 1.995 13917.241
2460900.84462963 0.9695455 0.03678725 1.31338 1.997 13924.855
2460900.84476852 1.0236648 0.03687004 1.31276 1.9293 13904.289
2460900.84491898 0.99493444 0.03726318 1.31215 1.9508 13899.149
2460900.84506944 1.0066104 0.0369983 1.31155 1.8947 13927.538
2460900.84521991 1.0043744 0.03662391 1.31094 1.8923 13921.571
2460900.8453588 1.0463402 0.0373761 1.31034 1.9109 13929.262
2460900.84550926 0.92090905 0.03639015 1.30974 1.9758 13919.853
2460900.84565972 0.9995967 0.03705821 1.30914 1.992 13926.935
2460900.84581019 1.026449 0.03706474 1.30854 1.8614 13918.187
2460900.84594907 0.9816483 0.03679969 1.30794 1.9044 13902.798
2460900.84609954 1.0079432 0.03692236 1.30734 1.9695 13882.065
2460900.84625 1.0136307 0.03687865 1.30674 1.9607 13883.442
2460900.84640046 1.0254464 0.03705541 1.30614 1.9756 13855.336
2460900.84655093 1.0328684 0.03652161 1.30555 1.9487 13896.574
2460900.84668981 0.96922237 0.03663744 1.30497 1.8981 13910.376
2460900.84684028 0.96070796 0.03672218 1.30438 1.9864 13870.188
2460900.84699074 0.98598367 0.0363001 1.3038 1.9695 13862.196
2460900.8471412 0.98352355 0.03684874 1.30321 1.9887 13820.07
2460900.84728009 1.1038396 0.0371839 1.30263 1.8974 13816.406
2460900.84743056 1.0224314 0.03670635 1.30205 1.8484 13786.998
2460900.84758102 0.9639041 0.03662948 1.30147 1.9042 13800.828
2460900.84773148 0.95508236 0.03631888 1.30089 1.7594 13821.71
2460900.84787037 1.0281553 0.03681936 1.30032 1.8751 13827.251
2460900.84802083 0.99941975 0.03654333 1.29975 1.9373 13790.696
2460900.8481713 1.0551136 0.03670619 1.29918 1.8211 13789.219
2460900.84832176 1.0161957 0.03636381 1.2986 1.9101 13758.67
2460900.84846065 0.9355106 0.03610503 1.29804 1.8916 13767.825
2460900.84861111 1.0332075 0.0369168 1.29747 1.9867 13731.477
2460900.84876157 1.0171415 0.03650936 1.2969 1.8697 13663.449
2460900.84891204 0.99509674 0.03629784 1.29634 1.8802 13714.065
2460900.84905093 1.0175996 0.03658968 1.29578 1.8577 13739.486
2460900.84920139 0.9518314 0.03577077 1.29522 1.8981 13728.727
2460900.84935185 1.0172648 0.03652241 1.29466 2.0314 13701.418
2460900.84950231 0.9998 0.03639263 1.2941 2.0398 13673.546
2460900.8496412 1.0342455 0.0366152 1.29354 1.8916 13670.938
2460900.84979167 1.0157846 0.03673126 1.29299 1.8612 13671.14
2460900.84994213 1.0483873 0.03643485 1.29244 1.9467 13637.768
2460900.85009259 0.99240345 0.03640223 1.29189 1.9665 13660.342
2460900.85023148 1.0589045 0.03664035 1.29134 1.9541 13631.314
2460900.85038194 1.0180115 0.03654755 1.29079 1.9569 13594.391
2460900.85053241 0.9975782 0.03635571 1.29024 1.9575 13600.483
2460900.85068287 0.9489174 0.03602226 1.2897 2.0013 13616.413
2460900.85083333 1.0476308 0.03614357 1.28917 1.9367 13613.758
2460900.85097222 1.0001557 0.03639624 1.28863 1.9157 13580.447
2460900.85112268 0.9545923 0.03598262 1.28809 1.9792 13585.448
2460900.85127315 0.9981 0.03610866 1.28755 1.9464 13578.527
2460900.85141204 1.0268376 0.03606321 1.28701 1.9641 13572.057
2460900.8515625 1.032533 0.03649786 1.28648 1.7584 13587.253
2460900.85171296 0.96069556 0.03577012 1.28595 1.9362 13558.112
2460900.85186343 0.9951986 0.03596249 1.28542 1.9528 13529.372
2460900.85200231 0.980761 0.03596982 1.28489 1.8978 13527.93
2460900.85215278 1.0188283 0.03594016 1.28437 1.8741 13507.154
2460900.85230324 0.9699198 0.03560295 1.28385 1.8789 13508.948
2460900.8524537 0.91846055 0.03542242 1.28332 1.8404 13495.703
2460900.85259259 0.98948944 0.03602434 1.2828 1.9988 13532.914
2460900.85274306 1.0126053 0.03569727 1.28227 1.8599 13527.632
2460900.85289352 1.0320643 0.03644536 1.28176 1.8722 13524.815
2460900.85304398 1.0014057 0.03585095 1.28124 1.8872 13515.642
2460900.85319444 1.0280893 0.036046 1.28072 1.9705 13493.588
2460900.85333333 1.0391818 0.03637825 1.2802 2.0185 13492.069
2460900.8534838 1.0710838 0.03625438 1.2797 2.0135 13501.379
2460900.85363426 1.0303091 0.03608218 1.27918 1.9373 13491.984
2460900.85378472 1.0646358 0.03638602 1.27867 1.9025 13492.465
2460900.85392361 1.0074841 0.03587224 1.27816 1.8376 13476.45
2460900.85407407 1.0302051 0.03567815 1.27765 2.0233 13483.921
2460900.85422454 0.93598026 0.035053 1.27715 1.9145 13457.908
2460900.854375 1.0308746 0.03553373 1.27665 1.9453 13441.716
2460900.85451389 1.0286814 0.03590006 1.27615 1.9295 13425.76
2460900.85466435 1.0039427 0.03575322 1.27564 2.0253 13425.155
2460900.85481481 1.0139661 0.03560644 1.27515 1.9043 13423.965
2460900.85496528 0.98621565 0.03540183 1.27465 1.9864 13436.79
2460900.85510417 0.99010533 0.03555589 1.27415 1.9475 13394.806
2460900.85525463 0.95246565 0.03540766 1.27366 1.9505 13376.19
2460900.85540509 1.0541109 0.0360065 1.27317 1.9762 13406.119
2460900.85555556 0.9471309 0.03526355 1.27268 1.9123 13416.174
2460900.85569444 0.99426264 0.03542907 1.27219 1.8858 13410.214
2460900.85584491 1.0410612 0.03550857 1.27171 1.945 13391.334
2460900.85599537 1.0401366 0.035855 1.27122 1.879 13400.394
2460900.85614583 0.9700337 0.03519085 1.27073 1.974 13385.037
2460900.85628472 1.0544395 0.0359488 1.27025 2.0098 13384.552
2460900.85643519 0.9966665 0.03579142 1.26977 1.9269 13387.894
2460900.85658565 1.0229717 0.03544897 1.26929 1.9435 13412.827
2460900.85673611 0.96606904 0.03516295 1.26881 2.0381 13384.603
2460900.856875 0.98584235 0.03523322 1.26833 1.8886 13383.788
2460900.85702546 1.0820324 0.03576746 1.26786 1.9156 13417.205
2460900.85717593 1.0518068 0.03573133 1.26738 1.8001 13393.217
2460900.85732639 1.0170128 0.03535628 1.26691 2.0052 13380.872
2460900.85746528 1.0637327 0.03578248 1.26643 1.9945 13392.271
2460900.85761574 1.0432061 0.03537515 1.26597 1.8517 13382.944
2460900.8577662 0.9828848 0.03566953 1.2655 1.9486 13395.926
2460900.85791667 1.0427055 0.03545149 1.26503 1.8911 13360.014
2460900.85806713 1.0059061 0.03557295 1.26457 1.9014 13381.424
2460900.85820602 1.0125349 0.03563391 1.2641 1.9187 13361.901
2460900.85835648 1.001783 0.03524829 1.26364 1.8654 13368.353
2460900.85850694 1.041578 0.03548506 1.26318 1.931 13393.105
2460900.85865741 0.96683073 0.03551033 1.26272 1.7915 13391.581
2460900.8587963 1.0079404 0.03549626 1.26226 1.9249 13396.431
2460900.85894676 1.0226572 0.03516931 1.2618 1.8115 13381.038
2460900.85909722 1.0460593 0.03557688 1.26133 1.8353 13369.487
2460900.85924769 1.0374024 0.03575836 1.26088 1.9667 13381.692
2460900.85939815 0.9989194 0.03545102 1.26042 1.8387 13388.521
2460900.85954861 1.047017 0.03573191 1.25997 1.9835 13387.473
2460900.85969907 1.0341842 0.03556687 1.25952 1.9142 13362.503
2460900.85983796 1.0057067 0.03575118 1.25907 1.9795 13356.987
2460900.85998843 1.0163804 0.03522856 1.25862 1.8857 13367.812
2460900.86013889 1.0311524 0.03539556 1.25818 2.0412 13343.895
2460900.86028935 0.9625375 0.03521902 1.25775 1.9716 13331.626
2460900.86042824 0.99898577 0.03519797 1.2573 2.0086 13326.027
2460900.8605787 1.0058198 0.03578898 1.25686 1.9017 13328.0
2460900.86072917 1.058259 0.03536246 1.25642 1.8154 13325.469
2460900.86087963 1.0798924 0.03562017 1.25599 1.8741 13323.696
2460900.86101852 1.0223866 0.03511798 1.25556 1.9321 13325.017
2460900.86116898 0.9857511 0.0346816 1.25512 1.8844 13322.772
2460900.86131944 0.9838829 0.0353359 1.25469 1.8914 13323.422
2460900.86146991 1.0074421 0.03542078 1.25425 1.8546 13314.69
2460900.86162037 0.9711112 0.03505583 1.25382 1.917 13319.179
2460900.86175926 1.00051 0.03493394 1.25339 1.8456 13303.865
2460900.86190972 1.0491042 0.03517222 1.25297 1.9482 13321.971
2460900.86206019 0.9714893 0.03539582 1.25254 1.9977 13312.582
2460900.86221065 1.016761 0.03534412 1.25212 1.8458 13312.136
2460900.86234954 0.99294746 0.03510677 1.25169 1.8732 13306.447
2460900.8625 1.0552043 0.03533422 1.25128 1.8357 13321.596
2460900.86265046 1.0254762 0.0354555 1.25086 1.9078 13323.062
2460900.86280093 0.9727927 0.03501877 1.25044 1.8497 13341.341
2460900.86293982 1.0215346 0.03531847 1.25003 1.9473 13322.036
2460900.86309028 1.0324628 0.035296 1.24961 1.9237 13324.806
2460900.86324074 1.0540947 0.03554973 1.2492 1.8946 13334.605
2460900.8633912 1.0168167 0.03544486 1.24879 1.9196 13324.671
2460900.86353009 1.0220363 0.0352169 1.24837 1.9698 13308.225
2460900.86368056 0.9979091 0.03520786 1.24796 1.9645 13282.792
2460900.86383102 0.99095905 0.03515355 1.24755 1.8302 13293.085
2460900.86398148 0.9456539 0.03452905 1.24714 1.8745 13283.96
2460900.86413194 0.97863203 0.0349775 1.24674 2.0769 13279.508
2460900.86427083 1.0120612 0.03484511 1.24634 2.0072 13252.691
2460900.8644213 0.9666695 0.03483496 1.24593 1.9949 13260.981
2460900.86457176 1.0450536 0.03502603 1.24553 1.95 13269.454
2460900.86472222 1.0390093 0.0353044 1.24513 1.8938 13271.46
2460900.86486111 1.0142329 0.03468124 1.24473 1.7902 13358.375
2460900.86501157 1.0649723 0.03536764 1.24433 1.9093 13245.984
2460900.86516204 1.0342389 0.034983 1.24394 1.8919 13237.299
2460900.8653125 0.99674666 0.03486383 1.24355 1.9618 13241.66
2460900.86545139 1.0527861 0.03506575 1.24316 2.1132 13218.126
2460900.86560185 1.084982 0.03561661 1.24277 1.9059 13234.998
2460900.86575231 1.0495527 0.03504153 1.24238 1.827 13222.193
2460900.86590278 1.0515267 0.03508874 1.24199 1.9731 13224.636
2460900.86604167 0.9735678 0.03453281 1.24161 1.9759 13241.812
2460900.86619213 1.0212272 0.0350732 1.24122 1.9612 13217.65
2460900.86634259 0.9790354 0.03475846 1.24084 2.0546 13248.394
2460900.86649306 1.0532471 0.0352165 1.24045 1.9105 13242.887
2460900.86663194 1.030238 0.03478057 1.24008 2.0099 13222.101
2460900.86678241 1.017006 0.03484773 1.23969 1.8655 13230.385
2460900.86693287 1.0666494 0.03545237 1.23932 1.987 13226.88
2460900.86708333 1.0409575 0.03517812 1.23894 1.9443 13196.857
2460900.86722222 1.0341067 0.03505988 1.23856 2.0175 13233.343
2460900.86737269 1.0383128 0.03469566 1.23819 1.862 13216.25
2460900.86752315 0.9982734 0.03469783 1.23782 1.9981 13198.653
2460900.86767361 0.98807937 0.03478839 1.23745 1.9467 13191.504
2460900.8678125 1.0647774 0.0351782 1.23708 1.9525 13190.622
2460900.86796296 0.98185885 0.03468862 1.23671 1.9506 13182.436
2460900.86811343 1.0342252 0.03507534 1.23634 1.8455 13181.354
2460900.86826389 1.0185281 0.0346632 1.23597 1.913 13154.913
2460900.86840278 0.9625964 0.03443618 1.23561 1.9287 13151.231
2460900.86855324 1.0031881 0.0345475 1.23524 1.9347 13136.156
2460900.8687037 1.0661649 0.03513028 1.23488 1.9095 13117.742
2460900.86885417 1.0203924 0.03438191 1.23452 1.9097 13104.669
2460900.86899306 1.04173 0.03486729 1.23416 1.8972 13109.753
2460900.86914352 1.0198475 0.03450585 1.23381 1.9416 13105.355
2460900.86929398 1.012907 0.03471471 1.23345 1.888 13100.079
2460900.86944444 1.0558728 0.03470928 1.2331 1.9721 13083.938
2460900.86958333 1.0173221 0.03449857 1.23274 1.9718 13111.654
2460900.8697338 0.98696476 0.03442383 1.23238 1.9176 13112.42
2460900.86988426 0.9860609 0.03444058 1.23204 1.9116 13129.199
2460900.87003472 1.0570356 0.03502669 1.23169 1.8542 13125.302
2460900.87017361 1.0225886 0.03463274 1.23133 1.924 13135.184
2460900.87032407 1.0683681 0.03465248 1.23099 1.9111 13096.326
2460900.87047454 1.0068444 0.03464247 1.23064 1.957 13136.832
2460900.870625 1.0211482 0.03459626 1.23029 1.9234 13129.437
2460900.87077546 1.0374129 0.03461822 1.22994 2.0149 13113.726
2460900.87091435 1.0102407 0.03449886 1.2296 2.0337 13118.079
2460900.87106481 1.006093 0.03460067 1.22926 2.0048 13101.717
2460900.87121528 1.0384121 0.03474124 1.22893 1.9067 13100.666
2460900.87136574 1.0926666 0.03472048 1.22859 1.9407 13074.2
2460900.8715162 1.0774007 0.03463458 1.22826 2.0307 13059.805
2460900.87165509 1.0709697 0.03497443 1.22791 1.8675 13064.204
2460900.87180556 0.9797336 0.03413221 1.22758 2.0192 13044.574
2460900.87195602 1.0324218 0.03477197 1.22725 1.9462 13046.636
2460900.87210648 1.0154133 0.03447444 1.22691 1.9979 13036.928
2460900.87224537 1.0136603 0.03448141 1.22659 1.9467 13030.079
2460900.87239583 1.0501457 0.03446545 1.22626 1.9727 13056.802
2460900.8725463 0.9959092 0.03428877 1.22593 1.9235 13017.049
2460900.87269676 1.0036472 0.03396808 1.2256 1.9317 13044.712
2460900.87284722 0.94961214 0.03389031 1.22527 1.8999 13029.873
2460900.87298611 1.0910766 0.03483782 1.22495 1.8436 13045.114
2460900.87313657 1.0666168 0.03475139 1.22462 1.8775 13053.449
2460900.87328704 1.0094798 0.0341595 1.2243 1.9344 13075.152
2460900.8734375 1.028049 0.03439266 1.22399 1.9818 13052.754
2460900.87357639 1.0723379 0.03452187 1.22367 1.9024 13061.74
2460900.87372685 1.0370235 0.03447488 1.22335 1.8635 13063.42
2460900.87387731 1.0339136 0.03476345 1.22304 1.9999 13070.929
2460900.87402778 1.0771753 0.03468481 1.22272 1.904 13088.207
2460900.87416667 0.99853635 0.03439699 1.22241 1.947 13087.807
2460900.87431713 1.0424291 0.03436419 1.22209 1.9002 13096.99
2460900.87446759 1.0413164 0.03437247 1.22178 1.9762 13097.176
2460900.87461806 1.0096421 0.03458994 1.22147 1.9944 13101.397
2460900.87476852 0.9683958 0.03415433 1.22116 1.8939 13094.009
2460900.87491898 0.9667101 0.03404588 1.22085 1.8398 13093.362
2460900.87505787 1.0286366 0.03451682 1.22055 1.9742 13074.803
2460900.87520833 0.98358154 0.03443262 1.22024 2.0033 13063.138
2460900.8753588 1.0148134 0.03429656 1.21994 1.9059 13082.528
2460900.87550926 1.1073906 0.0350979 1.21964 1.9276 13095.451
2460900.87564815 1.0178868 0.03407271 1.21934 1.9456 13077.256
2460900.87579861 1.0181353 0.0343059 1.21904 2.0179 13061.883
2460900.87594907 0.9812652 0.034252 1.21874 1.9545 13069.503
2460900.87609954 1.0144964 0.0346846 1.21844 2.004 13060.152
2460900.87623843 1.0088102 0.03431577 1.21815 1.9061 13053.194
2460900.87638889 1.0285178 0.03457515 1.21786 2.0322 13037.925
2460900.87653935 0.982063 0.03377649 1.21756 1.9128 13075.742
2460900.87668981 1.0108389 0.03425055 1.21727 1.9515 13066.485
2460900.8768287 1.002923 0.03408522 1.21698 1.8994 13053.858
2460900.87697917 0.9902661 0.03366032 1.21669 1.9212 13049.313
2460900.87712963 0.9851954 0.03377894 1.2164 1.9556 13050.491
2460900.87728009 0.99828327 0.03403033 1.21612 2.0829 13051.238
2460900.87743056 0.9949838 0.03384641 1.21583 1.8389 13028.547
2460900.87756944 0.9840758 0.03427693 1.21555 1.9659 13024.151
2460900.87771991 1.0164657 0.03415335 1.21527 1.8647 13039.697
2460900.87787037 1.0410202 0.03422734 1.21498 1.8833 13044.896
2460900.87802083 1.0349369 0.03418797 1.2147 2.0159 13035.004
2460900.87815972 1.0665991 0.03424707 1.21442 1.9364 13032.265
2460900.87831019 0.990253 0.03403346 1.21414 1.9174 13063.679
2460900.87846065 1.0202868 0.03428954 1.21387 1.9424 13075.906
2460900.87861111 1.0268493 0.03427931 1.2136 1.912 13057.184
2460900.87875 1.0375569 0.03439817 1.21332 1.839 13064.488
2460900.87890046 1.0140263 0.03418954 1.21305 1.914 13066.339
2460900.87905093 1.0412086 0.03429567 1.21277 2.0454 13094.759
2460900.87920139 1.0172777 0.03445825 1.2125 2.0488 13106.511
2460900.87935185 0.97130096 0.03414882 1.21223 2.0298 13121.354
2460900.87949074 1.0441415 0.03451004 1.21196 1.9497 13133.106
2460900.8796412 1.0222831 0.03452795 1.2117 1.8582 13118.017
2460900.87979167 1.052089 0.03455782 1.21143 1.9995 13137.002
2460900.87994213 0.99273837 0.03420923 1.21117 2.0844 13151.901
2460900.88008102 1.0577261 0.03470329 1.2109 1.921 13168.435
2460900.88023148 1.0263786 0.03441071 1.21064 1.9919 13161.524
2460900.88038194 1.0165397 0.03458166 1.21038 1.9872 13175.251
2460900.88053241 1.0253859 0.03417701 1.21012 1.9394 13146.99
2460900.8806713 1.0106406 0.03409229 1.20987 1.9227 13141.885
2460900.88082176 1.024704 0.03428797 1.20961 1.9842 13144.68
2460900.88097222 1.0114942 0.03439948 1.20936 1.9481 13153.925
2460900.88112269 1.003627 0.03416332 1.2091 1.9559 13141.317
2460900.88126157 1.019903 0.03404042 1.20885 1.9862 13124.584
2460900.88141204 1.0631262 0.03470134 1.20859 1.9799 13131.276
2460900.8815625 1.0172712 0.03409474 1.20834 1.9396 13128.97
2460900.88171296 1.0776595 0.03447192 1.20809 1.9466 13117.342
2460900.88186343 1.0250227 0.03433352 1.20784 1.953 13095.301
2460900.88200232 0.99904287 0.03416222 1.20759 1.7882 13117.689
2460900.88215278 1.0754102 0.03440327 1.20735 1.9564 13093.236
2460900.88230324 1.0167977 0.03429246 1.2071 2.0184 13107.434
2460900.8824537 0.9973455 0.03410908 1.20685 2.009 13091.388
2460900.88259259 1.0591176 0.03452731 1.20661 2.0796 13090.672
2460900.88274306 0.9947091 0.03410113 1.20637 1.9846 13103.171
2460900.88289352 1.0140359 0.03418025 1.20613 1.9921 13101.743
2460900.88304398 1.043892 0.03460883 1.20589 2.0448 13109.871
2460900.88318287 1.0903517 0.03527763 1.20566 1.9306 13120.878
2460900.88333333 0.96403474 0.03401627 1.20542 1.9667 13111.583
2460900.8834838 1.1084263 0.03453907 1.20518 1.8824 13109.631
2460900.88363426 1.0568026 0.03424179 1.20495 2.0529 13103.788
2460900.88378472 1.1012992 0.03484972 1.20471 1.9676 13099.586
2460900.88392361 1.0341536 0.03426769 1.20448 2.053 13123.803
2460900.88407407 1.0259767 0.03427104 1.20426 1.982 13137.359
2460900.88422454 1.0078245 0.03401687 1.20403 1.858 13122.28
2460900.884375 0.9987554 0.0341662 1.2038 1.9717 13144.999
2460900.88451389 0.9478231 0.03376859 1.20357 1.9947 13130.905
2460900.88466435 1.0287374 0.03441491 1.20335 1.9752 13123.697
2460900.88481481 1.0297278 0.0340847 1.20312 1.9093 13132.576
2460900.88496528 1.0044208 0.03404393 1.20289 2.0723 13122.229
2460900.88510417 1.0320722 0.03420102 1.20267 1.907 13130.739
2460900.88525463 1.0081496 0.03385412 1.20245 1.9559 13109.459
2460900.88540509 0.99788207 0.03439441 1.20224 1.9819 13101.312
2460900.88555556 1.0298046 0.03404719 1.20202 1.9109 13132.167
2460900.88569444 0.9970126 0.0340824 1.2018 1.9597 13116.29
2460900.88584491 1.0119798 0.03429043 1.20158 1.8662 13115.656
2460900.88599537 0.95969385 0.03348941 1.20137 1.9318 13107.373
2460900.88614583 0.9739297 0.03380198 1.20116 1.9572 13119.188
2460900.8862963 0.9998605 0.03415733 1.20095 1.9356 13097.499
2460900.88643519 1.0095979 0.03409679 1.20073 1.8619 13103.882
2460900.88658565 0.9384234 0.03346424 1.20052 1.9097 13103.221
2460900.88673611 1.04624 0.03399651 1.20031 1.9509 13082.071
2460900.88688657 0.98249334 0.03380249 1.20011 1.8643 13086.262
2460900.88702546 1.025938 0.03422932 1.1999 2.0074 13080.563
2460900.88717593 1.0330725 0.0341977 1.1997 1.8777 13075.318
2460900.88732639 0.9937355 0.03440082 1.19949 1.9406 13055.804
2460900.88747685 1.0349622 0.0338981 1.19929 1.903 13055.344
2460900.88761574 1.0929717 0.03440802 1.19909 1.9007 13024.415
2460900.8877662 0.99946505 0.03404315 1.19888 1.9112 13026.51
2460900.88791667 1.0534945 0.03407129 1.19868 1.9195 13032.438
2460900.88806713 1.0031351 0.03378962 1.19849 1.8811 13052.345
2460900.88820602 1.0462568 0.03408392 1.19829 1.9167 13039.179
2460900.88835648 1.0535378 0.03438732 1.19809 1.8954 13032.905
2460900.88850694 1.0051986 0.03383989 1.1979 1.965 13027.601
2460900.88865741 1.0634104 0.03416027 1.1977 1.9858 13064.034
2460900.8887963 1.0773655 0.03426506 1.19751 1.8832 13048.875
2460900.88894676 1.0303378 0.03406574 1.19732 1.9144 13070.564
2460900.88909722 1.0174752 0.03414964 1.19714 1.7514 13072.015
2460900.88924769 1.0145751 0.03392372 1.19694 1.9323 13036.928
2460900.88938657 1.0532094 0.03399849 1.19676 1.9442 13083.027
2460900.88953704 1.0344195 0.0340714 1.19657 1.9656 13087.741
2460900.8896875 1.0432671 0.03438846 1.19638 1.8301 13082.947
2460900.88983796 1.014151 0.03392879 1.1962 1.949 13096.208
2460900.88997685 1.0192329 0.03390681 1.19602 1.9071 13063.8
2460900.89012731 1.0751547 0.03449256 1.19584 2.0225 13087.171
2460900.89027778 1.0353756 0.03414177 1.19565 1.9688 13085.904
2460900.89042824 1.0256742 0.03433495 1.19547 1.9786 13092.655
2460900.8905787 1.0014781 0.03389605 1.19529 1.9388 13091.342
2460900.89071759 1.0833051 0.03406376 1.19511 2.0017 13068.921
2460900.89086806 1.044155 0.03428522 1.19494 2.0095 13040.869
2460900.89101852 0.99121946 0.03410021 1.19477 2.0071 13029.454
2460900.89116898 1.0545284 0.03425107 1.19459 2.0742 13035.249
2460900.89130787 1.0782548 0.0342404 1.19442 2.01 13041.99
2460900.89145833 1.0227233 0.03405605 1.19425 1.9385 13040.352
2460900.8916088 1.0209193 0.03409423 1.19407 2.1148 13050.836
2460900.89175926 1.027863 0.03445754 1.19391 1.9891 13050.914
2460900.89189815 1.0126498 0.03414352 1.19374 1.9294 13060.832
2460900.89204861 0.9941075 0.03398332 1.19357 1.9577 13059.567
2460900.89219907 1.0365919 0.03399192 1.19341 1.9422 13075.148
2460900.89234954 1.0354949 0.03406869 1.19324 2.0282 13074.536
2460900.89248843 0.98546386 0.03379008 1.19308 1.9136 13080.018
2460900.89263889 1.0091189 0.03402936 1.19292 1.9402 13067.449
2460900.89278935 1.0228612 0.034183 1.19275 1.9796 13055.425
2460900.89293981 1.0306817 0.03402631 1.19259 1.9052 13071.544
2460900.89309028 1.0529749 0.03428771 1.19243 2.0024 13080.465
2460900.89322917 1.0469732 0.03431479 1.19228 1.8234 13126.485
2460900.89337963 1.0157315 0.03417369 1.19212 1.984 13129.372
2460900.89353009 1.088235 0.03457058 1.19196 2.0491 13124.919
2460900.89368056 1.0010513 0.03394449 1.19181 1.9823 13129.939
2460900.89381944 1.009888 0.03422052 1.19166 1.9361 13148.883
2460900.89396991 1.0044996 0.03407433 1.19151 1.9451 13145.032
2460900.89412037 0.98788315 0.03387078 1.19136 1.9839 13166.955
2460900.89425926 0.98733276 0.03405922 1.19121 1.8546 13161.758
2460900.89440972 1.023404 0.03450616 1.19106 2.008 13171.899
2460900.89456019 1.0137521 0.03420847 1.19091 1.8927 13175.399
2460900.89471065 1.0016519 0.03379597 1.19076 1.9347 13191.841
2460900.89486111 0.98886466 0.03397316 1.19061 1.9076 13221.63
2460900.89501157 1.0703851 0.03470589 1.19046 1.9319 13211.786
2460900.89515046 1.0491257 0.03407844 1.19032 1.9028 13214.529
2460900.89530093 1.0644908 0.03460121 1.19018 1.8141 13212.933
2460900.89545139 1.0173895 0.03411264 1.19004 1.9142 13189.062
2460900.89560185 1.0229387 0.03412422 1.1899 1.9541 13208.82
2460900.89574074 1.0136521 0.03382758 1.18976 1.9257 13196.209
2460900.8958912 1.0056441 0.03396301 1.18963 1.8841 13160.735
2460900.89604167 1.0272644 0.03413746 1.18948 1.8113 13172.028
2460900.89619213 1.0244513 0.03419711 1.18935 1.8965 13172.53
2460900.89633102 1.028613 0.03399191 1.18922 1.8987 13162.026
2460900.89648148 1.0055158 0.03364073 1.18908 1.9248 13151.217
2460900.89663194 1.0776643 0.03449208 1.18895 1.9015 13128.985
2460900.89678241 1.0423917 0.03418386 1.18882 1.8743 13137.834
2460900.8969213 1.0431244 0.03423598 1.18869 1.9581 13113.945
2460900.89707176 1.019316 0.03432938 1.18856 2.0301 13149.406
2460900.89722222 1.046126 0.03424477 1.18843 1.9412 13145.094
2460900.89737269 1.069322 0.0344213 1.1883 1.8736 13139.865
2460900.89752315 1.0529746 0.0343032 1.18817 1.8453 13127.608
2460900.89767361 1.0215803 0.03421163 1.18805 1.898 13155.855
2460900.8978125 1.0765289 0.0344413 1.18793 1.9725 13140.065
2460900.89796296 1.044064 0.03406284 1.18782 1.9779 13173.13
2460900.89811343 1.0213459 0.03429539 1.18769 1.9499 13176.151
2460900.89826389 1.032974 0.03434849 1.18757 1.9839 13165.604
2460900.89840278 1.0329807 0.03411527 1.18745 1.921 13156.286
2460900.89855324 1.0498027 0.03423608 1.18734 1.9611 13179.741
2460900.8987037 1.0539343 0.03412456 1.18722 1.8676 13165.344
2460900.89885417 1.0339509 0.03384318 1.18711 1.8265 13179.28
2460900.89899306 1.010385 0.03428868 1.18699 1.8553 13189.165
2460900.89914352 1.0061779 0.03386883 1.18688 1.9295 13185.098
2460900.89929398 0.98703647 0.03393848 1.18677 2.0621 13188.348
2460900.89944444 1.0518498 0.03439247 1.18665 1.9901 13174.789
2460900.89959491 0.9827878 0.03392613 1.18654 1.875 13183.058
2460900.8997338 1.1067725 0.03427221 1.18644 1.9435 13195.213
2460900.89988426 1.0622507 0.03440888 1.18633 1.8676 13185.56
2460900.90003472 1.0604316 0.03419799 1.18623 1.8941 13192.618
2460900.90018519 1.1047485 0.03468055 1.18612 1.8772 13205.857
2460900.90033565 1.0753459 0.0344333 1.18601 1.8604 13182.094
2460900.90047454 0.99872845 0.03397477 1.18591 1.9146 13194.874
2460900.900625 1.0445783 0.03413153 1.18581 1.9684 13210.673
2460900.90077546 1.0086322 0.03429882 1.18571 1.9607 13211.155
2460900.90092593 0.9930079 0.03357957 1.18561 1.9822 13196.226
2460900.90106481 1.0150083 0.03416586 1.18551 1.917 13195.408
2460900.90121528 1.0198689 0.03416732 1.18541 1.9525 13193.02
2460900.90136574 0.98454297 0.03417436 1.18532 1.9558 13205.439
2460900.9015162 1.0513481 0.03441255 1.18522 1.8558 13184.339
2460900.90165509 1.0220195 0.03425968 1.18512 1.8525 13195.418
2460900.90180556 1.0938095 0.0342689 1.18503 1.8892 13160.243
2460900.90195602 1.0739136 0.03441424 1.18494 1.8679 13174.721
2460900.90210648 1.0085381 0.03413197 1.18485 1.9147 13169.811
2460900.90224537 1.022535 0.03381844 1.18476 1.8878 13168.377
2460900.90239583 1.0224816 0.03424017 1.18467 2.015 13179.889
2460900.9025463 1.0380931 0.03421467 1.18459 1.9542 13179.961
2460900.90269676 1.0797906 0.03499684 1.1845 2.0586 13174.785
2460900.90283565 1.0642287 0.03402362 1.18442 1.959 13157.469
2460900.90298611 1.0149571 0.03399615 1.18433 1.9334 13177.794
2460900.90313657 1.0174359 0.03417585 1.18425 1.829 13182.04
2460900.90328704 1.0208067 0.03442083 1.18417 1.91 13177.778
2460900.90342593 1.0294167 0.03400607 1.18408 1.877 13178.095
2460900.90357639 0.9984446 0.03411451 1.18401 1.9617 13182.513
2460900.90372685 1.0310581 0.03433322 1.18393 1.9383 13196.927
2460900.90387731 1.0464544 0.03395539 1.18384 1.8922 13190.649
2460900.9040162 0.96721154 0.03382684 1.18377 1.8806 13202.971
2460900.90416667 1.0681806 0.03423219 1.1837 1.8796 13195.717
2460900.90431713 1.0603956 0.03441469 1.18363 2.028 13204.638
2460900.90446759 1.0460341 0.03484447 1.18355 1.8977 13209.969
2460900.90460648 1.0757664 0.03473847 1.18348 1.8904 13187.749
2460900.90475694 0.99959457 0.03398093 1.18341 1.9438 13188.605
2460900.90490741 0.9939712 0.03393178 1.18334 1.9621 13195.717
2460900.90505787 0.9932849 0.03403783 1.18327 1.9306 13206.334
2460900.90519676 1.040763 0.03442797 1.1832 1.9303 13188.258
2460900.90534722 1.0172861 0.03448429 1.18314 2.131 13191.17
2460900.90549769 1.0646267 0.03446781 1.18307 1.9895 13180.555
2460900.90564815 1.0613403 0.03479612 1.18301 1.9748 13187.926
2460900.90578704 1.0423312 0.03403789 1.18295 1.8481 13205.825
2460900.9059375 0.9983943 0.03420185 1.18288 1.9702 13200.086
2460900.90608796 0.98864055 0.03408488 1.18282 2.0323 13209.007
2460900.90623843 0.96746933 0.03370358 1.18276 1.9025 13209.55
2460900.90638889 1.0672843 0.0341762 1.1827 1.9737 13202.397
2460900.90652778 1.06562 0.03465295 1.18264 1.9076 13237.509
2460900.90667824 0.98062044 0.03383807 1.18259 2.0393 13224.599
2460900.9068287 1.0409367 0.03408005 1.18254 1.9738 13218.359
2460900.90697917 1.0238224 0.03402652 1.18248 1.8285 13229.44
2460900.90711806 1.0174145 0.03401072 1.18243 1.9305 13227.58
2460900.90726852 1.2760372 0.03535014 1.18237 1.9281 13241.564
2460900.90741898 0.95323724 0.03382053 1.18232 1.9379 13236.353
2460900.90756944 1.0595648 0.03443645 1.18227 1.8208 13241.652
2460900.90770833 0.99112695 0.03391243 1.18222 1.9514 13246.846
2460900.9078588 1.0759845 0.03452089 1.18217 1.9553 13244.07
2460900.90800926 1.082224 0.03431787 1.18212 1.7834 13255.571
2460900.90815972 1.01996 0.03422159 1.18208 1.8975 13226.743
2460900.90831019 1.0416437 0.03447735 1.18203 1.8481 13227.432
2460900.90844907 1.019076 0.03399571 1.18199 1.8517 13207.245
2460900.90859954 1.0507985 0.03430896 1.18195 2.0778 13211.598
2460900.90875 1.0160488 0.03424193 1.1819 1.9205 13222.481
2460900.90890046 1.027813 0.03433439 1.18186 2.0477 13244.347
2460900.90903935 0.9802348 0.03398495 1.18183 1.9663 13285.179
2460900.90918981 1.0480483 0.03445636 1.18179 1.9271 13298.229
2460900.90934028 1.0415956 0.0343942 1.18175 1.9056 13287.162
2460900.90949074 1.0380205 0.03452409 1.18172 1.9248 13283.087
2460900.90962963 1.0009726 0.03426923 1.18168 1.9324 13257.944
2460900.90978009 1.0904596 0.03438242 1.18165 2.026 13254.793
2460900.90993056 1.0743377 0.03447521 1.18161 1.8505 13239.479
2460900.91008102 1.0253549 0.03413254 1.18158 1.8694 13260.465
2460900.91021991 1.057778 0.03442366 1.18155 1.8772 13252.825
2460900.91038194 1.0123079 0.03400389 1.18152 1.9414 13255.435
2460900.91052083 1.0373538 0.03443896 1.1815 1.8586 13297.185
2460900.9106713 1.0391077 0.03494832 1.18147 2.044 13325.733
2460900.91082176 1.0229859 0.03449466 1.18144 1.8919 13337.711
2460900.91097222 1.045161 0.03467767 1.18141 1.9523 13377.526
2460900.91111111 1.0070397 0.03412744 1.18139 1.9275 13374.806
2460900.91126157 1.0105593 0.03409299 1.18137 1.8623 13381.827
2460900.91141204 1.0427389 0.03426304 1.18135 1.8899 13332.446
2460900.9115625 1.0456759 0.03429592 1.18133 1.8613 13365.229
2460900.91170139 1.0338758 0.03431708 1.18131 1.9238 13349.963
2460900.91185185 1.0588236 0.03440718 1.18129 2.0274 13337.34
2460900.91200231 1.06781 0.03444463 1.18127 2.0412 13368.66
2460900.91215278 1.0276234 0.03424195 1.18125 1.9139 13379.644
2460900.91230324 1.0252659 0.0339498 1.18123 1.8296 13373.268
2460900.91244213 1.0144882 0.03421269 1.18122 1.8975 13403.243
2460900.91259259 0.9976458 0.03396617 1.1812 1.8866 13372.247
2460900.91274306 0.9813574 0.03402157 1.18119 1.9393 13386.621
2460900.91289352 1.0234276 0.03384798 1.18118 1.9107 13363.266
2460900.91304398 1.0713886 0.0344389 1.18118 1.8827 13359.476
2460900.91318287 1.0257487 0.03437496 1.18117 1.9435 13386.179
2460900.91333333 1.0453596 0.03406247 1.18116 1.9185 13411.104
2460900.9134838 1.0318379 0.03425307 1.18115 1.9505 13428.179
2460900.91363426 1.014129 0.03399753 1.18115 1.9019 13435.152
2460900.91377315 1.0422068 0.03439402 1.18114 1.9417 13459.604
2460900.91392361 1.0689433 0.0345613 1.18114 1.8024 13433.936
2460900.91407407 1.0204674 0.03396226 1.18113 1.8632 13429.704
2460900.91422454 1.0394053 0.03438562 1.18113 1.753 13410.417
2460900.91436343 1.0293797 0.03416577 1.18113 1.8438 13402.867
2460900.91451389 1.0568008 0.03431166 1.18113 1.8365 13407.973
2460900.91466435 1.0522267 0.03444871 1.18114 1.8999 13425.323
2460900.91481481 1.0437323 0.03429802 1.18114 1.9068 13442.526
2460900.91496528 1.0670056 0.03450114 1.18114 1.9351 13474.233
2460900.91511574 1.023123 0.03418557 1.18115 2.0377 13459.774
2460900.91525463 1.0694543 0.03459305 1.18115 1.8871 13413.827
2460900.91540509 1.0918034 0.03466504 1.18116 1.8862 13391.545
2460900.91555556 1.048337 0.03422468 1.18117 1.9954 13368.327
2460900.91570602 1.045625 0.03414628 1.18118 1.8103 13366.319
2460900.91584491 1.0332431 0.0342369 1.18119 1.8622 13390.895
2460900.91599537 1.0190673 0.0341655 1.1812 1.8478 13393.929
2460900.91614583 1.0831118 0.03438453 1.18122 1.9256 13424.938
2460900.9162963 1.0483812 0.03430621 1.18123 1.9822 13407.708
2460900.91643519 0.9927654 0.03444656 1.18125 1.9539 13446.222
2460900.91658565 1.0379446 0.03433154 1.18126 1.9598 13457.664
2460900.91673611 0.9785139 0.0341564 1.18128 1.8908 13437.288
2460900.91688657 1.021089 0.03411933 1.18129 1.9894 13482.632
2460900.91703704 1.0733789 0.0347138 1.18131 2.0265 13483.415
2460900.91717593 1.0018173 0.03404548 1.18133 1.9051 13474.602
2460900.91732639 1.0765425 0.03447192 1.18135 1.8797 13462.449
2460900.91747685 1.1157631 0.03482141 1.18138 1.8685 13521.784
2460900.91762732 1.0181801 0.03416925 1.1814 1.8884 13575.433
2460900.9177662 1.0191133 0.03433005 1.18143 1.8733 13517.34
2460900.91791667 1.0525879 0.03456508 1.18145 1.9014 13539.122
2460900.91806713 1.0392568 0.03432745 1.18148 1.9142 13615.271
2460900.91821759 1.082831 0.03482958 1.1815 1.8463 13621.208
2460900.91835648 1.096739 0.03496909 1.18154 1.8815 13625.005
2460900.91850694 1.0552763 0.0345519 1.18157 1.8819 13625.487
2460900.91865741 1.0113885 0.03424547 1.1816 1.8211 13655.588
2460900.91880787 1.0141771 0.03437769 1.18163 1.8986 13679.185
2460900.91895833 0.9869995 0.03433712 1.18166 1.877 13671.58
2460900.91909722 1.0558077 0.03469572 1.1817 1.9837 13711.57
2460900.91924769 1.0485746 0.03482402 1.18173 1.8897 13744.129
2460900.91939815 1.0393175 0.0343834 1.18177 1.8651 13745.979
2460900.91954861 1.1197692 0.03505982 1.18181 1.904 13783.338
2460900.9196875 1.0097255 0.03457886 1.18185 1.9121 13793.354
2460900.91983796 1.0684357 0.03493014 1.18189 1.9082 13813.152
2460900.91998843 1.0326406 0.03447638 1.18193 1.9934 13803.344
2460900.92013889 1.007468 0.03444994 1.18198 1.9226 13845.962
2460900.92027778 1.0396596 0.03463721 1.18202 2.1368 13890.667
2460900.92042824 1.0273188 0.03468776 1.18205 1.8735 13902.202
2460900.9205787 1.0245881 0.0346879 1.1821 1.9737 13948.013
2460900.92072917 1.0078682 0.03455752 1.18215 1.9208 13986.989
2460900.92086806 1.0008733 0.03446724 1.18221 1.9393 13994.813
2460900.92101852 1.0119681 0.0347987 1.18225 2.1516 13956.295
2460900.92116898 1.0490091 0.03479344 1.1823 1.861 13976.52
2460900.92131944 1.0678427 0.03495727 1.18235 2.0136 14055.136
2460900.92146991 1.0280877 0.03512535 1.1824 2.0524 14065.541
2460900.9216088 1.035611 0.03498515 1.18245 2.0209 14098.61
2460900.92175926 1.0683796 0.03478854 1.18251 1.8827 14154.709
2460900.92190972 0.9868903 0.03463353 1.18256 1.9675 14179.931
2460900.92206019 1.0685186 0.03506668 1.18261 1.9401 14196.84
2460900.92219907 0.94498354 0.03473946 1.18267 1.9894 14256.611
2460900.92234954 0.9575008 0.03436212 1.18273 1.9342 14293.994
