BJD FluxNorm FluxNormErr Airmass FWHM_TL SkyBg
2460900.77055556 0.9792999 0.05481952 1.97525 2.3704 25694.082
2460900.77076389 0.96353 0.0558014 1.98464 2.5794 25669.816
2460900.77092593 0.919084 0.0553206 1.98166 2.3779 25612.053
2460900.77107639 0.96030056 0.05554475 1.97908 2.4395 25606.209
2460900.77122685 0.97912735 0.05534367 1.97651 2.1786 25548.236
2460900.77137731 0.966377 0.05568549 1.97394 2.3586 25532.695
2460900.77152778 0.96993905 0.05521889 1.97139 2.2711 25472.414
2460900.77166667 0.9010969 0.05490514 1.96884 2.2737 25456.209
2460900.77181713 0.97062576 0.05498321 1.96632 2.417 25423.258
2460900.77196759 0.9399276 0.05442534 1.96378 2.4608 25422.074
2460900.77211806 0.9624991 0.05421798 1.96127 2.2251 25344.156
2460900.77226852 0.9997798 0.05481366 1.95877 2.4095 25364.793
2460900.77240741 1.0087665 0.05514134 1.95626 2.4625 25337.691
2460900.77255787 0.9619258 0.05406073 1.95376 2.5316 25312.594
2460900.77270833 1.0116767 0.05433316 1.95129 2.1691 25295.03
2460900.7728588 0.9363398 0.05331681 1.9488 2.3058 25286.844
2460900.77300926 0.8597331 0.05290256 1.94631 2.5248 25297.268
2460900.77315972 0.9503899 0.05353436 1.94385 2.706 25306.22
2460900.77329861 1.0048944 0.05430242 1.94138 2.1689 25270.107
2460900.77344907 0.90401024 0.05335761 1.93895 2.4011 25229.604
2460900.77359954 0.98893666 0.05365365 1.9365 2.3496 25240.13
2460900.77375 0.90203303 0.05255873 1.93408 2.5142 25205.22
2460900.77390046 0.9549396 0.05316776 1.93164 2.3743 25185.166
2460900.77403935 0.90982705 0.05260129 1.92924 2.2585 25101.23
2460900.77418981 0.96045864 0.05290806 1.92683 2.4227 25093.258
2460900.77434028 1.027799 0.05360527 1.92442 2.2059 25039.943
2460900.77449074 0.97230387 0.05317279 1.92205 2.3826 25014.688
2460900.7746412 0.99555844 0.05291718 1.91966 2.5022 25009.463
2460900.77478009 0.97384036 0.05236892 1.91727 2.3018 24995.691
2460900.77493056 1.0154177 0.05256211 1.91489 2.4716 24975.729
2460900.77508102 0.8677526 0.05166388 1.91253 2.4648 24984.027
2460900.77523148 0.9375373 0.05202507 1.91015 2.3694 24909.428
2460900.77538194 0.8977367 0.05145043 1.90779 2.786 24921.812
2460900.77553241 0.99531347 0.05180784 1.90545 2.7587 24882.693
2460900.77568287 0.93482214 0.05162214 1.90312 2.2932 24852.32
2460900.77582176 1.0119673 0.05159472 1.90079 2.5389 24812.447
2460900.77597222 0.9449913 0.05087982 1.89848 2.3309 24800.193
2460900.77612269 0.97041047 0.05114522 1.89617 2.1822 24751.705
2460900.77627315 0.99665326 0.05098857 1.89388 2.3406 24649.822
2460900.77642361 0.8756948 0.0499592 1.89159 2.4535 24633.594
2460900.7765625 0.90381634 0.05026553 1.88929 2.1402 24625.69
2460900.77671296 1.0180786 0.05135171 1.88701 2.3974 24562.037
2460900.77686343 0.9790901 0.05103368 1.88473 2.2487 24542.445
2460900.77701389 0.95057833 0.05060565 1.88247 2.6469 24505.438
2460900.77716435 0.99149394 0.05007388 1.88021 2.3727 24495.672
2460900.77730324 0.9440844 0.05027274 1.87795 2.429 24438.88
2460900.7774537 0.9923056 0.05021032 1.87568 2.6075 24450.537
2460900.77760417 1.0274403 0.05072025 1.87344 2.6399 24454.902
2460900.77775463 1.0003653 0.05028191 1.87121 2.4172 24384.074
2460900.77790509 0.9721297 0.04992004 1.86901 2.3933 24366.047
2460900.77805556 0.9484214 0.04921143 1.86679 2.3231 24309.479
2460900.77819444 1.0399994 0.05035545 1.86458 2.4714 24287.37
2460900.77834491 0.9843646 0.04973717 1.86238 2.3761 24236.855
2460900.77849537 1.006354 0.04993924 1.86018 2.2973 24156.068
2460900.77864583 1.0042715 0.04980858 1.85801 2.3845 24125.635
2460900.7787963 0.95994467 0.04881518 1.85581 2.4377 24122.809
2460900.77893519 1.0053146 0.04945538 1.85366 2.1453 24087.396
2460900.77908565 1.0001907 0.04913975 1.8515 2.456 24058.754
2460900.77923611 1.0103941 0.04913229 1.84934 2.2814 24034.008
2460900.77938657 1.0252671 0.04909664 1.84719 2.5544 24086.17
2460900.77953704 0.9799302 0.04844496 1.84505 2.4206 24075.031
2460900.77967593 0.98483473 0.04902499 1.8429 2.538 24091.215
2460900.77982639 0.95903176 0.04826892 1.84074 2.2913 24066.973
2460900.77997685 1.0108039 0.04891556 1.83863 2.2271 24067.65
2460900.78012731 0.9367575 0.0480778 1.83651 2.4902 24070.684
2460900.78027778 0.9889866 0.04811644 1.83441 2.1815 24006.443
2460900.78042824 0.96112055 0.04811209 1.8323 2.5771 24003.63
2460900.78056713 0.9467406 0.04771585 1.83019 2.5702 23978.05
2460900.78071759 0.9848619 0.04773362 1.82811 2.6945 23937.326
2460900.78086806 0.9916021 0.04754154 1.82602 2.3298 23921.525
2460900.78101852 0.86353785 0.0464916 1.82394 2.224 23896.633
2460900.78116898 0.99349415 0.0476912 1.82187 2.3946 23855.016
2460900.78130787 1.0326474 0.04815524 1.81981 2.3483 23888.688
2460900.78145833 0.9725582 0.04740445 1.81774 2.4096 23876.676
2460900.7816088 1.0161828 0.04790418 1.8157 2.2064 23844.7
2460900.78175926 0.974154 0.04704102 1.81363 2.3998 23833.344
2460900.78190972 0.9812122 0.04790743 1.81157 2.4986 23844.312
2460900.78206018 0.96239775 0.04700472 1.80953 2.6092 23894.219
2460900.78219907 1.0082769 0.04736412 1.80749 2.3354 23861.404
2460900.78234954 0.92944705 0.04691885 1.80548 2.3577 23874.68
2460900.7825 1.0299363 0.04785613 1.80347 2.2876 23873.29
2460900.78265046 0.96513885 0.04698732 1.80146 2.3076 23886.58
2460900.78280093 0.9618706 0.0468061 1.79946 2.478 23856.484
2460900.78295139 0.9380209 0.04683398 1.79746 2.4332 23813.0
2460900.78309028 0.9405686 0.04609371 1.79546 2.6669 23789.543
2460900.78324074 0.9377978 0.04617982 1.79347 2.7673 23790.41
2460900.7833912 0.9469039 0.04635922 1.7915 2.2284 23751.77
2460900.78354167 1.0376747 0.04649175 1.78951 2.5224 23670.65
2460900.78369213 1.0540489 0.04716481 1.78755 2.4019 23631.014
2460900.78383102 1.011139 0.04642769 1.7856 2.1697 23581.934
2460900.78398148 0.99471045 0.04624938 1.78364 2.8903 23563.258
2460900.78413194 0.9608369 0.04604915 1.78166 2.3891 23538.844
2460900.78428241 0.995499 0.04621012 1.77972 2.3398 23536.197
2460900.78443287 0.9560324 0.0459444 1.77777 2.4105 23475.152
2460900.78458333 1.0021913 0.04609902 1.77585 2.3964 23477.08
2460900.78472222 0.977859 0.04579899 1.77392 2.4772 23477.0
2460900.78487269 0.97200835 0.04556694 1.772 2.229 23443.904
2460900.78502315 0.9686715 0.04544694 1.77009 2.5509 23445.059
2460900.78517361 0.94839555 0.0455353 1.76818 2.4909 23464.193
2460900.78532407 1.0028863 0.04522126 1.76628 2.3102 23407.389
2460900.78547454 0.9905625 0.04524049 1.76439 2.5006 23379.2
2460900.78561343 1.0333151 0.04564897 1.7625 2.2188 23348.836
2460900.78576389 1.0085442 0.04542623 1.7606 2.2708 23342.197
2460900.78591435 1.0007747 0.04514568 1.75874 2.3091 23305.822
2460900.78606481 1.0548323 0.04539221 1.75686 2.2709 23250.117
2460900.78621528 0.98852104 0.04499548 1.75499 2.5295 23241.162
2460900.78636574 0.99835837 0.04519413 1.7531 2.415 23216.53
2460900.78650463 0.9749553 0.04459303 1.75124 2.3395 23221.93
2460900.78665509 1.0312319 0.0448379 1.74937 2.2095 23186.94
2460900.78680556 0.98240757 0.04427217 1.74753 2.4192 23192.139
2460900.78695602 0.98275864 0.04446603 1.7457 2.5193 23117.719
2460900.78710648 0.90454936 0.04346655 1.74387 2.3245 23128.441
2460900.78724537 0.96210456 0.04407464 1.74203 2.7422 23112.531
2460900.78739583 1.0409119 0.04488278 1.74021 2.448 23098.783
2460900.7875463 0.9498904 0.04388897 1.7384 2.546 23082.406
2460900.78769676 0.9243202 0.04358531 1.73658 2.4047 23072.256
2460900.78784722 1.0143145 0.04415929 1.73477 2.5043 23034.99
2460900.78798611 1.0281212 0.04452076 1.73297 2.2623 23022.355
2460900.78813657 0.9708499 0.04346427 1.73118 2.6069 22991.867
2460900.78828704 0.98661536 0.04334569 1.72938 2.3113 22972.621
2460900.7884375 1.1046749 0.0445126 1.72761 2.3373 22961.73
2460900.78858796 0.9949712 0.0438499 1.7258 2.4471 22925.64
2460900.78873843 0.99715334 0.04376513 1.72403 2.2681 22892.922
2460900.78887731 1.0209911 0.04373233 1.72226 2.4469 22877.516
2460900.78902778 1.0000253 0.04342708 1.7205 2.2344 22894.271
2460900.78917824 0.906636 0.04308212 1.71874 2.8168 22835.502
2460900.7893287 1.0074935 0.04303781 1.71699 2.4574 22818.584
2460900.78947917 1.0094177 0.04324274 1.71524 2.2531 22796.957
2460900.78961806 1.0406609 0.04320526 1.71351 2.2448 22771.447
2460900.78976852 0.98683417 0.04285986 1.71177 2.472 22786.947
2460900.78991898 1.0469817 0.04317296 1.71004 2.5959 22704.611
2460900.79006944 0.97884893 0.04257782 1.70831 2.1683 22697.914
2460900.79021991 1.0011661 0.04289764 1.7066 2.122 22690.924
2460900.7903588 1.0120898 0.04272454 1.70489 2.0443 22648.607
2460900.79050926 0.8969094 0.0416334 1.70317 2.2438 22667.873
2460900.79065972 1.0100096 0.0424086 1.70146 2.4622 22636.6
2460900.79081019 1.0200099 0.0423707 1.69974 2.4707 22643.18
2460900.79096065 0.9675409 0.04242308 1.69804 2.974 22628.92
2460900.79111111 1.0110589 0.04249079 1.69635 2.3605 22609.258
2460900.79125 0.9532154 0.04191707 1.69466 2.2545 22629.436
2460900.79140046 0.99113053 0.04206971 1.69298 2.2955 22588.965
2460900.79155093 0.9447913 0.04154953 1.69132 2.2892 22593.953
2460900.79170139 1.0059315 0.04213907 1.68964 2.421 22577.33
2460900.79184028 0.9913733 0.04189552 1.68798 2.2992 22549.99
2460900.79199074 0.97075295 0.04157471 1.68631 2.3112 22515.723
2460900.7921412 1.0712858 0.0420265 1.68465 2.5147 22489.697
2460900.79229167 1.0206159 0.04198462 1.68299 2.1934 22457.758
2460900.79244213 0.9829515 0.04164135 1.68135 2.2273 22458.934
2460900.79259259 1.0365267 0.04191993 1.67971 2.6185 22433.928
2460900.79273148 0.9911042 0.04141204 1.67807 2.2771 22401.348
2460900.79288194 1.0516845 0.04192444 1.67643 2.1623 22354.059
2460900.79303241 0.9808122 0.04133549 1.67479 2.1932 22341.627
2460900.79318287 1.0409179 0.04168619 1.67316 2.4394 22304.842
2460900.79333333 0.9732537 0.04116919 1.67153 2.3292 22323.07
2460900.7934838 0.9748287 0.04134486 1.66992 2.545 22278.105
2460900.79362269 0.9754537 0.04094015 1.6683 2.3741 22301.057
2460900.79377315 1.0013887 0.04114266 1.6667 2.3855 22274.059
2460900.79392361 1.0045744 0.0411628 1.66511 2.3567 22277.37
2460900.79407407 1.0334446 0.04109422 1.66351 2.5629 22264.639
2460900.79422454 0.9600598 0.04046112 1.66191 2.2053 22255.375
2460900.79436343 1.0158536 0.04116729 1.66033 2.4235 22282.777
2460900.79451389 1.0091012 0.04079216 1.65875 2.4445 22255.746
2460900.79466435 1.0087866 0.04124107 1.65717 2.3403 22243.854
2460900.79481481 1.0600934 0.04109719 1.6556 2.3288 22237.715
2460900.79496528 0.9656066 0.04026904 1.65403 2.1776 22224.71
2460900.79510417 0.9871333 0.04051876 1.65247 2.4177 22178.188
2460900.79525463 1.0499494 0.04083707 1.65089 2.2772 22147.893
2460900.79540509 1.0594798 0.04110273 1.64932 2.3465 22098.732
2460900.79555556 1.0029086 0.04037556 1.64777 2.2297 22071.684
2460900.79570602 0.97368515 0.04028396 1.64622 2.4724 22068.07
2460900.79585648 0.9752694 0.04018578 1.64468 2.2414 22044.455
2460900.79599537 1.0470884 0.04059719 1.64315 2.1973 21984.385
2460900.79614583 0.91647846 0.03955601 1.64161 2.5661 21988.898
2460900.7962963 0.95138395 0.03987049 1.64009 2.1688 21921.34
2460900.79644676 1.0409878 0.04035507 1.63856 2.2661 21897.916
2460900.79659722 1.0112194 0.03979092 1.63705 2.6783 21912.059
2460900.79673611 0.99576944 0.03987451 1.63552 2.3199 21894.898
2460900.79688657 1.0233228 0.04004322 1.63402 2.2911 21884.867
2460900.79703704 1.002863 0.03998898 1.6325 2.2128 21861.72
2460900.7971875 0.9850129 0.03984014 1.631 2.3109 21856.15
2460900.79733796 1.0799586 0.04009081 1.6295 2.3349 21831.264
2460900.79748843 0.9905077 0.0396874 1.62799 2.1938 21834.592
2460900.79763889 0.96254396 0.0394857 1.6265 2.1817 21820.803
2460900.79777778 1.0423654 0.03978332 1.62501 2.1065 21808.268
2460900.79792824 1.0243144 0.03954243 1.62353 2.3067 21800.023
2460900.7980787 1.0003136 0.03960567 1.62205 2.3735 21775.027
2460900.79822917 0.9674302 0.03911007 1.62058 2.1882 21775.19
2460900.79836806 1.0427203 0.03938767 1.61912 2.4363 21726.832
2460900.79851852 1.0538542 0.03982849 1.61765 2.6013 21706.73
2460900.79866898 0.98632544 0.03863549 1.61619 2.4259 21704.676
2460900.79881944 0.95175 0.03881326 1.61473 2.3886 21714.32
2460900.79896991 0.9834685 0.03891843 1.61329 2.231 21680.557
2460900.7991088 0.9903154 0.03899815 1.61184 2.4637 21690.723
2460900.79925926 0.9769357 0.03898389 1.61039 2.4166 21665.814
2460900.79940972 0.9712584 0.03919508 1.60895 2.4567 21640.088
2460900.79956019 1.0146296 0.03882086 1.60752 2.3653 21636.51
2460900.79971065 0.9643584 0.03840141 1.60606 2.3579 21592.412
2460900.79986111 1.0112951 0.03856495 1.60462 2.2464 21598.826
2460900.80001157 0.9634806 0.03811332 1.6032 2.4161 21605.213
2460900.80015046 0.9658621 0.03858213 1.60179 2.3121 21574.037
2460900.80030093 0.98111767 0.03851485 1.60037 2.2404 21582.32
2460900.80045139 0.928851 0.03784832 1.59896 2.4209 21581.285
2460900.80060185 0.9832157 0.03857207 1.59755 2.246 21562.7
2460900.80075231 0.9796968 0.03870504 1.59615 2.5544 21588.46
2460900.8008912 0.94342124 0.03808552 1.59475 2.3132 21550.416
2460900.80104167 0.98355854 0.03843949 1.59335 2.365 21513.346
2460900.80119213 0.9751955 0.03802348 1.59196 2.3568 21535.357
2460900.80134259 1.0609237 0.03886493 1.59058 2.2184 21483.43
2460900.80149306 1.0260209 0.03827575 1.58919 2.3721 21477.459
2460900.80163194 1.0061547 0.03818109 1.58781 2.5446 21421.395
2460900.80178241 1.060533 0.03855986 1.58643 2.3274 21405.39
2460900.80193287 1.0302446 0.0381372 1.58504 2.5957 21409.771
2460900.80208333 1.0434779 0.03817737 1.58367 2.2722 21407.621
2460900.8022338 0.99915195 0.03787471 1.58232 2.6211 21353.002
2460900.80238426 0.9561654 0.03766044 1.58096 2.0655 21337.629
2460900.80252315 1.0246074 0.03819239 1.5796 2.755 21309.465
2460900.80267361 1.0301311 0.03786198 1.57825 2.5419 21299.432
2460900.80282407 0.96670353 0.0375005 1.57691 2.4 21250.404
2460900.80297454 0.9783199 0.03730064 1.57556 2.5067 21266.998
2460900.803125 1.0188931 0.03784237 1.57423 2.3298 21195.46
2460900.80326389 1.0601118 0.03825321 1.57289 2.5737 21201.693
2460900.80341435 1.0308424 0.03784886 1.57156 2.3664 21205.36
2460900.80356481 0.9811926 0.03709409 1.57023 2.5682 21191.305
2460900.80371528 1.0621089 0.03785218 1.5689 2.427 21191.46
2460900.80386574 0.99370146 0.03731396 1.56758 2.251 21180.19
2460900.80400463 0.91423607 0.03654528 1.56627 2.4455 21161.04
2460900.80415509 1.0145564 0.03697384 1.56494 2.281 21167.602
2460900.80430556 0.97688556 0.03710763 1.56362 2.3349 21152.652
2460900.80445602 0.94927645 0.0370818 1.56233 2.3289 21156.104
2460900.80460648 1.0503125 0.03770689 1.56102 2.6931 21148.525
2460900.80475694 0.99362886 0.03713188 1.55972 2.1997 21140.988
2460900.80489583 1.0240356 0.03754582 1.55843 2.3605 21130.023
2460900.8050463 0.96885794 0.03659933 1.55714 2.4131 21120.236
2460900.80519676 0.96705884 0.03690525 1.55586 2.1882 21106.58
2460900.80534722 0.9905947 0.03690335 1.55457 2.4907 21082.168
2460900.80548611 0.99720687 0.03689922 1.55329 2.3276 21061.014
2460900.80563657 1.0400833 0.03707723 1.55202 2.2493 21050.291
2460900.80578704 1.0364134 0.03723922 1.55074 2.3296 21047.936
2460900.8059375 0.9385959 0.03640911 1.54947 2.3572 20996.828
2460900.80609954 0.9050326 0.03623332 1.5482 2.3134 20956.871
2460900.80623843 1.0019875 0.03681243 1.54694 2.2396 20969.68
2460900.80638889 0.99362063 0.03670749 1.54566 2.4109 20941.934
2460900.80653935 1.0274466 0.03677143 1.54439 2.5681 20941.033
2460900.80668981 0.9279178 0.03548478 1.54314 2.1082 20911.78
2460900.80684028 0.9892329 0.03643765 1.54189 2.5768 20943.34
2460900.80699074 1.0141038 0.03647346 1.54065 2.4845 20921.066
2460900.8071412 0.96330845 0.03611926 1.53941 2.3286 20891.871
2460900.80728009 1.01348 0.03669036 1.53817 2.4817 20920.955
2460900.80743056 1.0017642 0.03616219 1.53693 2.41 20965.14
2460900.80758102 0.9501512 0.03606019 1.5357 2.3159 20942.838
2460900.80773148 0.99066883 0.03603173 1.53448 2.4778 20889.582
2460900.80788194 1.025863 0.03633862 1.53324 2.5176 20914.03
2460900.80802083 1.0099076 0.03609355 1.53202 2.2155 20909.29
2460900.8081713 0.96288645 0.03613034 1.5308 2.4361 20921.25
2460900.80832176 0.95031756 0.03621721 1.52959 2.4519 20892.725
2460900.80847222 1.0489329 0.03623811 1.52838 2.4187 20871.363
2460900.80862269 0.99910295 0.03616493 1.52715 2.6971 20828.588
2460900.80877315 0.9796537 0.03601976 1.52594 2.5437 20790.777
2460900.80891204 1.00071 0.03594501 1.52474 2.4865 20776.334
2460900.8090625 1.0213512 0.0360941 1.52354 2.5461 20717.84
2460900.80921296 0.9993765 0.03584534 1.52234 2.5091 20694.85
2460900.80936343 0.9693842 0.03521138 1.52116 2.5011 20685.635
2460900.80951389 1.0059557 0.03565779 1.51997 2.6145 20658.064
2460900.80965278 1.050079 0.03571151 1.51878 2.5623 20645.5
2460900.80980324 1.0111434 0.03599219 1.5176 2.5628 20652.225
2460900.8099537 0.97783756 0.03563739 1.51642 2.3585 20644.36
2460900.81010417 1.006706 0.03590541 1.51524 2.3985 20627.045
2460900.81025463 0.94210297 0.0353158 1.51407 2.5837 20637.014
2460900.81039352 0.9719998 0.03528612 1.5129 2.5798 20626.871
2460900.81054398 1.0355185 0.03556817 1.51174 2.6099 20653.12
2460900.81069444 0.9909413 0.03540875 1.51058 2.5359 20640.27
2460900.81084491 0.92949885 0.03490073 1.5094 2.6661 20655.115
2460900.81099537 0.92263794 0.03485056 1.50825 2.2256 20623.514
2460900.81114583 1.021633 0.03557041 1.5071 2.3715 20642.387
2460900.81128472 1.0089866 0.0351659 1.50594 2.29 20624.363
2460900.81143519 0.99223673 0.03511469 1.5048 2.3089 20579.316
2460900.81158565 0.9788344 0.03493781 1.50366 2.3029 20589.658
2460900.81173611 0.977932 0.03510771 1.50252 2.5092 20581.387
2460900.81188657 1.0300821 0.03519118 1.50138 2.4635 20575.611
2460900.81202546 0.99168324 0.03508475 1.50025 2.3474 20547.867
2460900.81217593 0.97043574 0.03499397 1.49912 2.4712 20552.83
2460900.81232639 0.957939 0.03524059 1.498 2.4863 20531.357
2460900.81247685 0.99974126 0.0351857 1.49688 2.3278 20505.766
2460900.81262731 0.9717198 0.03503342 1.49576 2.5698 20502.186
2460900.8127662 1.0350382 0.03520948 1.49464 2.4673 20484.611
2460900.81291667 1.0058548 0.03461487 1.49352 2.3092 20465.96
2460900.81306713 1.026791 0.03496594 1.49239 2.5026 20497.23
2460900.81321759 0.9963034 0.03451491 1.49128 2.5409 20467.107
2460900.81336806 1.0424846 0.03502338 1.49018 2.5139 20456.934
2460900.81351852 1.0122128 0.03499761 1.48907 2.3201 20446.342
2460900.81365741 0.9987047 0.03472359 1.48797 2.4874 20403.602
2460900.81380787 1.0223495 0.03535856 1.48688 2.6164 20427.41
2460900.81395833 1.0437121 0.03497843 1.48579 2.7471 20398.465
2460900.8141088 1.0176853 0.03431242 1.4847 2.3918 20398.508
2460900.81424769 0.92536354 0.03413883 1.48361 2.2206 20365.207
2460900.81439815 0.99554306 0.03429503 1.48252 2.5892 20300.24
2460900.81454861 1.0045425 0.03465197 1.48145 2.131 20295.854
2460900.81469907 0.959132 0.03414259 1.48037 2.7455 20290.596
2460900.81484954 0.97531277 0.03447182 1.47929 2.2783 20277.398
2460900.81498843 1.0164589 0.03426204 1.47822 2.8443 20259.504
2460900.81513889 0.9875703 0.03429243 1.47716 2.64 20252.914
2460900.81528935 0.9898823 0.03413712 1.47607 2.3186 20250.887
2460900.81543981 1.002948 0.03446069 1.47501 2.345 20226.738
2460900.81559028 1.0030417 0.03428934 1.47394 2.5609 20252.777
2460900.81574074 0.98093176 0.03389261 1.47289 2.7163 20240.236
2460900.81587963 0.9873261 0.03401751 1.47184 2.3017 20255.074
2460900.81603009 0.96220636 0.03403561 1.47079 2.5825 20260.643
2460900.81618056 0.95982194 0.03398892 1.46973 2.3618 20235.947
2460900.81633102 0.9716928 0.03419793 1.46869 2.3454 20221.04
2460900.81648148 0.92430884 0.03370145 1.46765 2.797 20270.598
2460900.81662037 0.9988398 0.03422263 1.46661 2.4069 20264.814
2460900.81677083 1.0064745 0.03389126 1.46556 2.373 20245.186
2460900.8169213 1.0216229 0.03436644 1.46453 2.7206 20256.254
2460900.81707176 0.9872841 0.03409103 1.4635 2.4953 20258.053
2460900.81722222 0.996718 0.03360763 1.46247 2.7121 20253.877
2460900.81736111 0.9698755 0.0336915 1.46144 2.4353 20223.627
2460900.81751157 0.99769557 0.03396559 1.4604 2.3206 20199.766
2460900.81766204 1.0061853 0.03369884 1.45937 2.2685 20200.783
2460900.8178125 0.9701708 0.03380074 1.45836 2.2638 20149.078
2460900.81796296 0.98081726 0.03358935 1.45734 2.6381 20154.625
2460900.81811343 1.0115745 0.03357543 1.45633 2.3444 20136.438
2460900.81825231 1.002955 0.03391619 1.45532 2.3785 20112.117
2460900.81840278 0.9820189 0.03354052 1.45432 2.3992 20103.135
2460900.81855324 1.0489907 0.03367739 1.45331 2.9498 20086.992
2460900.8187037 1.0204954 0.03377598 1.45231 2.2418 20092.111
2460900.81885417 1.0458883 0.03387723 1.45131 2.5616 20057.473
2460900.81899306 1.0039017 0.03356643 1.45032 2.5832 20050.871
2460900.81914352 0.9844982 0.03332948 1.44932 2.7542 20051.709
2460900.81929398 1.0195057 0.033724 1.44833 2.3953 20049.48
2460900.81944444 1.0290285 0.03363731 1.44734 2.4233 20042.604
2460900.81959491 0.98846716 0.03316623 1.44636 2.6329 20028.355
2460900.81974537 1.0551094 0.03345654 1.44535 2.5268 20010.5
2460900.81988426 1.0124791 0.03349192 1.44437 2.5885 20030.111
2460900.82003472 0.926633 0.03280232 1.44339 2.4977 20045.236
2460900.82018519 0.96589524 0.03299841 1.44241 2.3702 20063.744
2460900.82033565 1.0319871 0.03327431 1.44144 2.3493 20014.88
2460900.82048611 0.9334001 0.03276091 1.44047 2.2406 20022.428
2460900.820625 1.0385743 0.03359126 1.4395 2.9127 20019.365
2460900.82077546 0.9912809 0.03318895 1.43854 2.475 20039.707
2460900.82092593 0.96878725 0.0327892 1.43758 2.3507 19997.402
2460900.82107639 1.0622535 0.0332645 1.43662 2.5732 20018.775
2460900.82122685 1.0005286 0.03309106 1.43565 2.1568 20011.53
2460900.82136574 0.9370284 0.03277812 1.4347 2.2069 20030.78
2460900.8215162 0.95854324 0.03288547 1.43375 2.4954 20036.291
2460900.82166667 1.0048091 0.03289248 1.4328 2.5519 20002.002
2460900.82181713 1.0231116 0.03305153 1.43185 2.2265 20028.03
2460900.82196759 1.0500005 0.03339772 1.43089 2.8232 19969.338
2460900.82211806 0.96764296 0.03283969 1.42995 2.2929 20032.16
2460900.82225694 0.9976491 0.0325126 1.42901 2.7435 19981.227
2460900.82240741 0.9489491 0.03255523 1.42807 2.7111 20004.922
2460900.82255787 0.95445704 0.03240489 1.42713 2.1718 19984.234
2460900.82270833 0.9721605 0.03265108 1.4262 2.1913 19998.758
2460900.8228588 0.99597734 0.03267346 1.42527 2.8435 19978.617
2460900.82300926 0.9449479 0.03237647 1.42434 2.7091 19960.984
2460900.82314815 0.9613756 0.03247159 1.42342 2.9495 19961.344
2460900.82329861 0.99390817 0.03283138 1.4225 2.3332 19967.8
2460900.82344907 0.99126565 0.03275323 1.42158 2.3676 19971.473
2460900.82359954 1.0180675 0.03278669 1.42066 2.4601 19946.855
2460900.82375 0.9674091 0.03246606 1.41975 2.3405 19926.898
2460900.82388889 0.9920137 0.03266839 1.41884 2.4657 19928.875
2460900.82403935 0.9923824 0.03231999 1.41793 2.6501 19950.852
2460900.82418981 1.0066152 0.03291145 1.41701 2.322 19917.447
2460900.82434028 1.0428878 0.03272323 1.4161 2.9657 19927.55
2460900.82449074 1.0397226 0.03255286 1.4152 2.2624 19883.682
2460900.8246412 1.0244477 0.03259572 1.4143 2.7188 19862.467
2460900.82478009 1.0048801 0.03231412 1.41341 2.7782 19854.537
2460900.82493056 1.0033572 0.03226641 1.41251 2.8472 19847.814
2460900.82508102 1.0063303 0.03237795 1.41162 2.5958 19840.418
2460900.82523148 0.9822306 0.03243593 1.41073 2.363 19840.58
2460900.82537037 1.0021831 0.03256501 1.40985 2.285 19802.771
2460900.82552083 1.0291152 0.03274803 1.40896 2.3361 19808.72
2460900.8256713 1.0811132 0.03268319 1.40807 2.281 19789.826
2460900.82582176 1.0266814 0.03221901 1.4072 2.1117 19809.863
2460900.82597222 0.99611914 0.03215752 1.40632 2.2253 19813.254
2460900.82611111 0.98026633 0.03212783 1.40545 2.6489 19817.076
2460900.82626157 0.9824337 0.03215759 1.40458 2.3037 19803.143
2460900.82641204 1.038946 0.03229631 1.4037 2.8343 19797.52
2460900.8265625 0.97186476 0.03213486 1.40282 2.3704 19805.174
2460900.82671296 0.96439993 0.03210546 1.40196 2.2212 19768.56
2460900.82686343 0.96449625 0.03205727 1.40109 3.0159 19786.395
2460900.82701389 0.9696778 0.03198703 1.40023 2.6536 19795.064
2460900.82715278 0.9764276 0.03183501 1.39937 2.4285 19766.615
2460900.82730324 0.9865831 0.03213355 1.39852 2.5498 19817.393
2460900.8274537 1.0199121 0.03220347 1.39767 2.3993 19813.1
2460900.82760417 1.0467213 0.03225894 1.39681 2.4503 19769.303
2460900.82774306 1.0114241 0.03204249 1.39597 2.9647 19783.9
2460900.82789352 1.0000919 0.03223398 1.39512 2.217 19770.955
2460900.82804398 0.95565563 0.03172883 1.39428 2.85 19767.8
2460900.82819444 1.0487381 0.03218943 1.39344 2.5119 19746.158
2460900.82834491 1.0305538 0.03223342 1.3926 2.3338 19750.2
2460900.8284838 1.0270673 0.03220033 1.39176 2.3654 19761.463
2460900.82863426 0.99562514 0.03179877 1.39092 2.3448 19748.244
2460900.82878472 0.90707076 0.03139777 1.39008 2.3243 19757.45
2460900.82893518 1.0031844 0.03201076 1.38925 2.3713 19716.555
2460900.82908565 1.0169209 0.03188078 1.38842 2.3947 19680.924
2460900.82923611 1.0000496 0.03189603 1.3876 2.2564 19670.023
2460900.829375 0.9698764 0.03126373 1.38677 2.2849 19663.969
2460900.82952546 1.0246899 0.03181017 1.38595 2.1808 19649.186
2460900.82967593 1.0441233 0.03201692 1.38513 2.5724 19622.404
2460900.82982639 1.0069923 0.03162442 1.38432 2.6128 19647.35
2460900.82997685 0.99957377 0.03164306 1.3835 2.2659 19641.186
2460900.83011574 0.9845133 0.03148638 1.38269 2.791 19605.684
2460900.8302662 0.93566805 0.03124446 1.38188 2.4373 19590.652
2460900.83041667 0.9338486 0.03117501 1.38107 2.8883 19619.285
2460900.83056713 0.98822325 0.03120608 1.38027 2.2759 19606.271
2460900.83071759 0.96251476 0.03131127 1.37946 2.5217 19609.691
2460900.83086806 1.053959 0.0316927 1.37865 2.4583 19572.494
2460900.83101852 0.9968732 0.03146305 1.37785 2.3365 19579.36
2460900.83115741 0.97370404 0.03138588 1.37705 2.318 19589.059
2460900.83130787 1.0036287 0.03111978 1.37626 2.514 19587.012
2460900.83145833 1.0037975 0.0315901 1.37546 2.3879 19544.432
2460900.8316088 0.9835932 0.03134379 1.37467 2.5184 19528.883
2460900.83175926 1.0016973 0.03117381 1.37389 2.2544 19554.959
2460900.83189815 0.97007847 0.03110511 1.37311 2.4248 19537.787
2460900.83204861 0.98065317 0.03128961 1.37232 2.2777 19519.85
2460900.83219907 0.95383084 0.03110607 1.37154 2.3751 19508.842
2460900.83234954 0.9770357 0.03129149 1.37076 2.4462 19491.295
2460900.83248843 0.9983022 0.03147241 1.36998 2.2899 19499.19
2460900.83263889 0.97653866 0.03137577 1.36921 2.2559 19488.186
2460900.83278935 1.0253254 0.03135867 1.36844 2.4146 19500.701
2460900.83293981 0.92833763 0.03069902 1.36767 2.7689 19500.973
2460900.83309028 1.0296872 0.03130797 1.36689 2.4153 19472.867
2460900.83324074 1.0099573 0.03136028 1.36612 2.2958 19480.75
2460900.83337963 0.9663501 0.03082873 1.36536 2.4442 19429.73
2460900.83353009 0.97190344 0.03075733 1.36459 2.2462 19391.967
2460900.83368056 0.9747118 0.03090286 1.36383 2.4965 19403.654
2460900.83383102 0.9991653 0.0310445 1.36308 2.3523 19434.615
2460900.83398148 1.0775028 0.03145338 1.36231 2.4255 19445.842
2460900.83412037 1.0281966 0.03113287 1.36156 2.475 19489.248
2460900.83427083 0.9649281 0.03071639 1.36081 2.3776 19450.148
2460900.8344213 0.96723384 0.0308776 1.36006 2.3427 19392.957
2460900.83457176 1.0229648 0.03127303 1.35931 2.5147 19404.41
2460900.83472222 1.034392 0.03127834 1.35856 2.4716 19382.441
2460900.83487269 1.023817 0.03090666 1.35782 2.1619 19389.758
2460900.83501157 1.011372 0.03111949 1.35708 2.3736 19385.326
2460900.83516204 1.0090501 0.03123247 1.35633 2.4398 19372.787
2460900.8353125 0.9935036 0.03097003 1.35558 2.383 19338.703
2460900.83546296 1.0008532 0.0307662 1.35485 2.6244 19325.262
2460900.83561343 1.005654 0.03073605 1.35411 2.1493 19291.293
2460900.83576389 0.9357588 0.03045159 1.35338 2.6183 19335.693
2460900.83590278 1.019078 0.03079571 1.35266 2.398 19343.717
2460900.83605324 1.0536485 0.03113687 1.35193 2.5411 19310.156
2460900.8362037 0.9709561 0.03068475 1.35121 2.32 19312.436
2460900.83635417 0.95595396 0.03066167 1.35049 2.9907 19268.688
2460900.83650463 0.9958858 0.03074027 1.34977 2.1399 19307.936
2460900.83664352 1.0264549 0.03071631 1.34904 2.4466 19308.793
2460900.83679398 1.0031174 0.03081522 1.34833 2.3987 19304.422
2460900.83694444 0.9627927 0.03035091 1.34761 2.4117 19287.596
2460900.83709491 0.99700224 0.03064086 1.3469 2.2803 19305.98
2460900.83724537 1.0461003 0.03074454 1.34619 2.3206 19264.627
2460900.83738426 0.9577642 0.03012046 1.34549 2.3293 19269.732
2460900.83753472 1.0320745 0.03078709 1.34477 2.4713 19276.688
2460900.83768519 0.95493907 0.03013918 1.34406 3.0833 19252.566
2460900.83783565 0.9593355 0.03011524 1.34336 2.5053 19265.65
2460900.83798611 0.99822444 0.03061222 1.34266 2.3099 19259.742
2460900.83813657 1.0014393 0.03041368 1.34196 2.3659 19233.346
2460900.83827546 0.94497705 0.03032108 1.34127 2.5289 19241.531
2460900.83842593 0.96701074 0.03016845 1.34058 2.1335 19166.664
2460900.83857639 0.9962952 0.03040228 1.33988 2.454 19185.611
2460900.83872685 0.9761267 0.0303749 1.33919 2.432 19171.344
2460900.83887731 1.0275323 0.03052273 1.33851 2.2852 19180.936
2460900.8390162 0.9730704 0.03024848 1.33782 2.5371 19196.28
2460900.83916667 0.9801073 0.03034166 1.33713 2.3308 19194.314
2460900.83931713 0.9835398 0.03024221 1.33646 2.222 19165.73
2460900.83946759 1.0363543 0.03054302 1.33577 2.7016 19162.318
2460900.83961806 1.0032024 0.03036 1.33509 2.4917 19154.35
2460900.83976852 0.9498613 0.03011914 1.33441 2.2909 19126.516
2460900.83990741 0.9876336 0.03032746 1.33373 2.2089 19161.969
2460900.84005787 1.0145501 0.03028907 1.33306 2.2949 19168.732
2460900.84020833 1.0756228 0.03051265 1.33239 2.5144 19147.93
2460900.8403588 0.96057224 0.03005312 1.33172 2.1672 19119.469
2460900.84050926 1.0161583 0.03039246 1.33105 2.3861 19102.572
2460900.84064815 1.0464648 0.03036263 1.33039 2.1673 19123.328
2460900.84079861 0.9944343 0.03024317 1.32973 2.4747 19123.94
2460900.84094907 1.0154456 0.03023386 1.32906 2.3274 19125.42
2460900.84109954 0.96303505 0.02989549 1.3284 2.395 19132.576
2460900.84125 0.9833754 0.03015803 1.32775 2.4987 19109.814
2460900.84138889 1.0683687 0.03064117 1.32709 2.5631 19106.14
2460900.84153935 1.0473021 0.03028075 1.32644 2.0636 19066.42
2460900.84168981 0.9926625 0.02978769 1.32578 2.2781 19058.566
2460900.84184028 0.9920102 0.02999802 1.32513 2.4548 19061.068
2460900.84199074 1.0192454 0.03034795 1.32447 2.208 19080.633
2460900.8421412 0.959731 0.03010984 1.32383 2.3675 19039.049
2460900.84229167 0.9471093 0.02983119 1.32318 2.2366 19066.607
2460900.84243056 1.042963 0.03028415 1.32254 2.0968 19066.824
2460900.84258102 1.0609685 0.03037513 1.3219 2.2261 19082.592
2460900.84273148 1.0037156 0.030184 1.32126 2.2304 19076.42
2460900.84288194 0.9912498 0.03004803 1.32063 2.3658 19063.145
2460900.84303241 1.0313146 0.03021093 1.31999 2.478 19053.998
2460900.8431713 0.9975108 0.03006282 1.31936 2.1005 19084.158
2460900.84332176 1.0180515 0.02991249 1.31873 2.3329 19085.57
2460900.84347222 0.95451516 0.02952885 1.31811 2.0522 19056.268
2460900.84362269 0.9874748 0.02976748 1.31748 2.4058 19045.635
2460900.84376157 0.9875898 0.02989207 1.31685 2.3254 19049.895
2460900.84391204 1.0162256 0.02998571 1.31623 2.2822 19060.652
2460900.8440625 1.0027 0.02958046 1.31561 2.6579 19076.393
2460900.84421296 1.0170053 0.03014608 1.31497 2.2881 19026.473
2460900.84436343 0.94628173 0.02965306 1.31436 2.3441 19048.682
2460900.84451389 0.9976902 0.02989129 1.31374 2.3783 19069.188
2460900.84466435 0.95201683 0.02950306 1.31312 2.5317 19053.645
2460900.84480324 0.9628168 0.0296693 1.31251 2.5683 19078.137
2460900.8449537 0.9950871 0.02977772 1.3119 2.333 19052.076
2460900.84510417 0.9883121 0.02969763 1.31129 2.6842 19048.303
2460900.84525463 0.9778476 0.02977551 1.31068 2.5698 19089.21
2460900.84540509 1.0070088 0.02989705 1.31008 3.5146 19086.828
2460900.84554398 1.0011733 0.02995347 1.30947 2.2728 19076.785
2460900.84569444 0.99609464 0.02961857 1.30887 2.4798 19057.287
2460900.84584491 1.0152085 0.02987298 1.30827 2.3737 19064.074
2460900.84599537 1.0307516 0.0298841 1.30767 2.3697 19046.18
2460900.84614583 0.94647574 0.02937337 1.30707 2.7697 19017.19
2460900.84628472 0.9823921 0.02972407 1.30648 2.3913 19014.662
2460900.84643519 0.99170446 0.02970284 1.30588 2.548 19003.562
2460900.84658565 0.98053753 0.02985362 1.30528 2.4739 19034.264
2460900.84673611 1.0437542 0.02998899 1.3047 2.2993 19004.73
2460900.84688657 0.9683153 0.02957555 1.30411 2.4319 19009.697
2460900.84703704 1.002375 0.02973198 1.30352 2.527 18984.719
2460900.84717593 0.9637889 0.02956101 1.30293 2.3475 18968.053
2460900.84732639 0.9200293 0.02909506 1.30235 2.3749 18929.463
2460900.84747685 0.9903115 0.02945576 1.30176 2.2508 18887.957
2460900.84762731 0.9799488 0.02925019 1.30119 2.4182 18914.477
2460900.84777778 0.9506154 0.02938436 1.30061 2.2447 18938.227
2460900.84791667 1.0262563 0.0296903 1.30003 2.3991 18926.791
2460900.84806713 1.0105406 0.02947595 1.29945 2.5305 18863.488
2460900.84821759 0.9904957 0.02916964 1.29888 2.3544 18858.951
2460900.84836806 1.0162444 0.02944004 1.29831 2.1446 18819.383
2460900.84851852 0.9646945 0.02911693 1.29774 2.1967 18817.38
2460900.84866898 1.0038543 0.02931309 1.29716 2.1955 18747.537
2460900.84881944 1.0250238 0.02972863 1.29659 2.3183 18732.44
2460900.84895833 1.0017886 0.02952092 1.29602 2.237 18829.031
2460900.8491088 0.94208556 0.02909832 1.29546 2.2049 18850.547
2460900.84925926 1.0122329 0.02946394 1.2949 2.5491 18823.182
2460900.84940972 1.0000896 0.02932845 1.29434 2.2313 18748.771
2460900.84956019 1.0051011 0.02910491 1.29378 2.3598 18724.373
2460900.84969907 0.9966575 0.0291696 1.29323 2.2687 18722.623
2460900.84984954 1.030167 0.029399 1.29268 2.6218 18731.172
2460900.85 0.9263088 0.02912932 1.29213 2.1512 18678.23
2460900.85015046 0.98407614 0.02901268 1.29157 2.4516 18697.559
2460900.85030093 0.97552824 0.0293473 1.29102 2.9645 18622.848
2460900.85043981 0.9394704 0.02891152 1.29048 2.3266 18594.826
2460900.85059028 0.9988755 0.02916004 1.28993 2.8354 18609.217
2460900.85074074 0.97726375 0.02874736 1.28939 2.1521 18673.99
2460900.8508912 0.9433454 0.02883795 1.28884 2.4302 18629.492
2460900.85104167 1.0200776 0.02930547 1.2883 2.3997 18592.838
2460900.85119213 0.9966625 0.0290728 1.28775 2.7449 18602.445
2460900.85134259 1.034708 0.02924221 1.28721 2.1377 18595.07
2460900.85148148 1.0174557 0.02897693 1.28668 2.6832 18584.684
2460900.85163194 0.99517244 0.02892104 1.28614 2.1655 18582.29
2460900.85178241 1.0226401 0.02944878 1.28561 2.3782 18542.896
2460900.85193287 1.0804265 0.0296448 1.28508 2.4869 18517.514
2460900.85208333 0.97531915 0.02896186 1.28455 2.0377 18494.129
2460900.85222222 0.9826702 0.02876149 1.28403 2.9425 18464.588
2460900.85237268 1.0229952 0.02914975 1.2835 2.2303 18477.324
2460900.85252315 0.96142876 0.02877394 1.28298 2.1267 18490.672
2460900.85267361 0.98557824 0.02873291 1.28246 2.4435 18522.66
2460900.8528125 1.0010061 0.02871689 1.28194 2.5661 18497.71
2460900.85296296 0.9829601 0.02876076 1.28142 2.1115 18498.652
2460900.85311343 1.0062903 0.02911078 1.2809 2.467 18500.191
2460900.85326389 1.0348207 0.02897101 1.28038 2.4351 18467.38
2460900.85341435 0.9464599 0.02848492 1.27987 2.1924 18452.428
2460900.85356481 1.0338247 0.02906001 1.27935 2.2648 18485.7
2460900.8537037 1.0017757 0.02879844 1.27884 2.1738 18485.303
2460900.85385417 0.9885244 0.02888978 1.27833 2.2676 18457.312
2460900.85400463 0.97019684 0.02841157 1.27783 2.118 18429.11
2460900.85415509 0.9974084 0.02873288 1.27732 2.1804 18413.1
2460900.85430556 0.9934383 0.0287601 1.27682 2.5308 18390.479
2460900.85444444 1.0274309 0.02873041 1.27631 2.1673 18355.041
2460900.85459491 1.018731 0.02888073 1.27581 2.5287 18380.736
2460900.85474537 0.9605992 0.02867289 1.27531 2.1712 18391.207
2460900.85489583 0.9870516 0.02861733 1.27482 2.2334 18355.645
2460900.8550463 0.99809927 0.02901387 1.27432 2.3338 18333.283
2460900.85518519 0.9937256 0.02852442 1.27382 2.1998 18331.66
2460900.85533565 0.96884984 0.02857137 1.27332 2.4502 18356.732
2460900.85548611 1.0300704 0.0285025 1.27282 2.47 18359.564
2460900.85563657 1.0553735 0.028846 1.27234 2.2405 18353.03
2460900.85578704 0.99512225 0.02854707 1.27185 2.5367 18336.209
2460900.8559375 0.96784896 0.02843254 1.27136 2.5759 18344.832
2460900.85607639 1.0123546 0.02865593 1.27087 2.4277 18316.977
2460900.85622685 1.0044317 0.02857303 1.27039 2.1317 18338.475
2460900.85637731 1.0015392 0.02857424 1.2699 2.2664 18331.525
2460900.85652778 1.0307411 0.02871404 1.26942 2.3701 18358.053
2460900.85667824 1.0252249 0.0289164 1.26894 2.5405 18353.133
2460900.85681713 1.0180837 0.02878384 1.26847 2.3066 18327.72
2460900.85696759 0.9644264 0.02834171 1.26799 2.684 18331.434
2460900.85711806 1.0434519 0.02867497 1.26751 2.3786 18328.293
2460900.85726852 1.0164356 0.02847561 1.26704 2.245 18319.932
2460900.85741898 0.9610733 0.02845227 1.26657 2.2389 18341.27
2460900.85756944 0.9778109 0.02846439 1.26609 2.2901 18313.99
2460900.85770833 0.999239 0.02865056 1.26562 2.5601 18303.04
2460900.8578588 0.98871404 0.02858454 1.26515 2.141 18318.088
2460900.85800926 1.0596496 0.02879384 1.26469 2.3445 18289.021
2460900.85815972 0.9879713 0.02816036 1.26422 2.289 18280.455
2460900.85831019 1.0340754 0.02859002 1.26376 2.4138 18331.758
2460900.85844907 0.97117597 0.0282774 1.2633 2.2627 18328.918
2460900.85859954 0.95298445 0.02810682 1.26284 2.7094 18301.945
2460900.85875 1.0255572 0.0286882 1.26238 2.4348 18337.246
2460900.85890046 1.0075545 0.02834747 1.26192 2.1461 18354.295
2460900.85909722 1.0166461 0.0285595 1.26132 2.6503 18306.309
2460900.85924769 0.9886887 0.0283932 1.26086 2.8122 18317.254
2460900.85938657 0.9997499 0.02849336 1.26041 2.2434 18301.9
2460900.85953704 1.017063 0.028441 1.25996 2.2995 18284.31
2460900.8596875 0.9942004 0.02837293 1.25952 2.4069 18310.768
2460900.85983796 1.0202805 0.02889923 1.25906 2.6144 18308.98
2460900.85998843 1.0367397 0.02883747 1.25861 2.5569 18338.518
2460900.86013889 0.95212024 0.0279882 1.25817 2.4727 18260.518
2460900.86027778 1.0374234 0.02852364 1.25773 2.215 18260.67
2460900.86042824 0.9921727 0.02812625 1.25728 2.4287 18263.404
2460900.8605787 0.9789947 0.02829195 1.25684 2.5858 18267.01
2460900.86072917 1.0345397 0.02832984 1.2564 2.5078 18249.223
2460900.86086806 1.0042871 0.02833748 1.25597 2.5158 18273.627
2460900.86101852 1.1087608 0.02891499 1.25553 2.0988 18251.125
2460900.86116898 1.019455 0.02836702 1.2551 2.0163 18241.48
2460900.86131944 1.0488119 0.02846345 1.25466 2.4011 18220.32
2460900.86146991 1.0082718 0.0281991 1.25423 2.205 18222.775
2460900.8616088 0.9655205 0.02798108 1.2538 2.1476 18213.947
2460900.86175926 1.0266129 0.02821853 1.25337 2.8307 18198.824
2460900.86190972 1.0084685 0.02823567 1.25294 2.4005 18249.445
2460900.86206019 0.999279 0.02821274 1.25251 2.1811 18229.576
2460900.86221065 0.94247806 0.02808982 1.25208 2.1327 18250.947
2460900.86236111 1.0206572 0.02830179 1.25166 2.3104 18239.764
2460900.86251157 1.0085603 0.02822665 1.25123 2.3783 18232.434
2460900.86265046 1.0420524 0.02853557 1.25081 2.0982 18240.168
2460900.86280093 1.0076525 0.02814214 1.25039 2.5148 18267.191
2460900.86295139 0.95154667 0.02811333 1.24998 2.1246 18231.0
2460900.86310185 0.95708823 0.02798518 1.24957 2.1261 18280.465
2460900.86325231 1.0827913 0.02849993 1.24915 2.0838 18233.148
2460900.8633912 0.9955768 0.02822899 1.24874 2.3238 18250.26
2460900.86354167 1.0621525 0.02839672 1.24833 2.3906 18220.807
2460900.86369213 0.99877375 0.02823217 1.24792 2.1522 18202.297
2460900.86384259 0.99022907 0.0280538 1.24751 2.9043 18180.852
2460900.86399306 0.99568146 0.02806981 1.2471 2.0576 18196.627
2460900.86413194 0.9851525 0.02794308 1.2467 2.3039 18175.963
2460900.86428241 0.95852447 0.02781922 1.24629 2.3773 18174.346
2460900.86443287 0.9834172 0.02804198 1.24589 2.361 18179.555
2460900.86458333 1.0122365 0.027987 1.24548 2.3251 18151.28
2460900.8647338 0.98293054 0.02797428 1.24508 2.1252 18166.14
2460900.86488426 1.027993 0.02805199 1.24469 2.5764 18257.016
2460900.86502315 1.0229199 0.02808444 1.24429 2.432 18146.107
2460900.86517361 0.94961 0.02764728 1.24389 2.276 18138.533
2460900.86532407 1.0310518 0.02819289 1.2435 2.0111 18113.809
2460900.86547454 1.0201596 0.02828292 1.2431 2.3902 18128.295
2460900.865625 0.97736454 0.02779001 1.24271 2.2935 18140.936
2460900.86576389 1.0113444 0.02793069 1.24232 2.4508 18137.984
2460900.86591435 0.98902583 0.02772199 1.24193 2.1647 18116.076
2460900.86606481 0.9889316 0.02801554 1.24155 2.3546 18146.338
2460900.86621528 1.0132036 0.02803213 1.24116 2.2102 18155.326
2460900.86636574 0.95707697 0.02791793 1.24078 2.3881 18155.889
2460900.8665162 1.028544 0.0282778 1.24039 2.2853 18132.848
2460900.86665509 1.0626299 0.02827637 1.24 2.4735 18115.428
2460900.86680556 1.0084018 0.02813116 1.23962 2.2205 18142.197
2460900.86695602 1.0174974 0.02796917 1.23924 2.9357 18126.674
2460900.86710648 0.98820764 0.0280432 1.23886 2.0014 18117.912
2460900.86725694 0.95414454 0.02777928 1.23849 2.4085 18121.047
2460900.86739583 0.9833488 0.02773743 1.23811 2.0432 18094.988
2460900.8675463 1.027761 0.02821635 1.23774 2.1571 18063.559
2460900.86769676 1.078363 0.02832996 1.23737 2.2711 18045.293
2460900.86784722 1.030237 0.02799753 1.237 3.01 18057.697
2460900.86798611 0.99244535 0.02802425 1.23663 2.5889 18026.041
2460900.86813657 0.97704244 0.02766793 1.23626 2.5245 18036.914
2460900.86828704 0.9803938 0.02791078 1.2359 2.6665 18003.846
2460900.8684375 0.94741875 0.02743531 1.23553 2.4744 18024.354
2460900.86858796 1.0260581 0.02796201 1.23516 2.2977 17987.45
2460900.86873843 1.0227944 0.02786933 1.2348 2.1208 17984.955
2460900.86888889 0.9893474 0.02777905 1.23443 2.2047 17955.877
2460900.86902778 1.0145316 0.02791876 1.23407 3.3418 17967.842
2460900.86917824 0.96746624 0.02759038 1.23371 2.2816 17935.979
2460900.8693287 1.0584768 0.02821401 1.23335 2.3241 17966.121
2460900.86947917 0.9887758 0.02763801 1.23299 2.5514 17957.305
2460900.86962963 1.0210458 0.02791725 1.23264 2.276 17979.707
2460900.86976852 0.94628066 0.02733761 1.23229 2.3646 17980.715
2460900.86991898 0.99144626 0.02792716 1.23193 2.4649 17996.986
2460900.87006944 0.9841149 0.02757749 1.23158 2.4839 17950.64
2460900.87021991 1.0558265 0.02785508 1.23123 2.2624 17977.852
2460900.87037037 1.006155 0.02772257 1.23088 2.4532 18000.71
2460900.87052083 0.9749346 0.02751726 1.23054 2.2135 18000.865
2460900.87065972 0.9908707 0.02757433 1.23019 2.1003 18008.607
2460900.87081019 1.051543 0.02793311 1.22985 2.4263 17957.805
2460900.87096065 1.0475365 0.02793703 1.2295 2.2668 17995.53
2460900.87111111 1.0347583 0.02778701 1.22916 2.3968 17954.01
2460900.87126157 1.0390708 0.02781402 1.22882 2.1443 17972.445
2460900.87141204 1.0032108 0.02770054 1.22848 2.1925 17912.605
2460900.87155093 0.9825932 0.02742213 1.22814 2.192 17914.375
2460900.87170139 0.9679916 0.02742485 1.22781 2.1758 17902.596
2460900.87185185 0.9887747 0.02762368 1.22747 1.9792 17901.6
2460900.87200231 0.99794394 0.02756691 1.22714 2.2364 17882.547
2460900.87215278 0.96473074 0.02751705 1.22681 2.8124 17862.531
2460900.87229167 0.97127724 0.02753295 1.22648 2.2056 17884.13
2460900.87244213 0.9821826 0.02756908 1.22615 2.1883 17850.88
2460900.87259259 0.9876298 0.02747539 1.22582 1.9188 17867.492
2460900.87274306 1.0133628 0.02752664 1.22549 2.2115 17859.445
2460900.87289352 1.0678246 0.02787329 1.22517 2.3423 17849.404
2460900.87303241 1.0499816 0.0276965 1.22484 2.1776 17865.268
2460900.87318287 1.0146385 0.02770792 1.22451 2.5627 17885.191
2460900.87333333 0.942758 0.0272699 1.22419 2.0804 17881.238
2460900.8734838 1.0120127 0.02751988 1.22387 2.5679 17868.932
2460900.87363426 1.0426414 0.02778627 1.22355 2.0989 17886.732
2460900.87378472 1.0016265 0.02743177 1.22324 2.077 17893.93
2460900.87392361 0.99662924 0.02755471 1.22292 2.2587 17925.32
2460900.87407407 1.0106195 0.02778811 1.2226 2.3112 17919.268
2460900.87422454 1.0486628 0.02776342 1.22229 2.1182 17938.305
2460900.874375 0.97859496 0.02735345 1.22198 2.528 17939.834
2460900.87452546 0.9454462 0.02728164 1.22167 2.3803 17955.816
2460900.87466435 1.0049069 0.02748791 1.22136 2.1025 17938.91
2460900.87481481 1.0244279 0.02760128 1.22105 2.7677 17961.176
2460900.87496528 1.0481352 0.02758374 1.22074 2.0538 17957.553
2460900.87511574 1.0042093 0.02750962 1.22043 2.5017 17940.219
2460900.8752662 0.982381 0.02737614 1.22013 2.5374 17951.594
2460900.87541667 1.0486476 0.02789768 1.21982 2.5354 17942.754
2460900.87556713 1.0458192 0.02774533 1.21952 2.225 17937.502
2460900.87570602 0.9864324 0.02752626 1.21922 2.1969 17932.574
2460900.87585648 0.9717976 0.02741968 1.21892 2.0258 17920.812
2460900.87600694 0.9984445 0.02745627 1.21862 2.3318 17875.246
2460900.87615741 1.0378546 0.02765504 1.21832 2.4875 17916.209
2460900.87630787 1.0136592 0.02748122 1.21803 2.1101 17867.312
2460900.87644676 1.0155389 0.02753698 1.21773 2.224 17887.64
2460900.87659722 1.006028 0.0275883 1.21744 2.2521 17920.465
2460900.87674769 0.9658491 0.02734242 1.21715 2.2156 17919.486
2460900.87689815 1.0405179 0.0276562 1.21686 2.3938 17884.166
2460900.87703704 0.99681824 0.0275588 1.21657 2.7138 17899.242
2460900.8771875 1.0440003 0.02757002 1.21628 2.346 17875.885
2460900.87733796 1.0313283 0.02760151 1.21599 2.193 17881.854
2460900.87748843 1.0433824 0.02766163 1.21571 1.9648 17885.553
2460900.87763889 1.0474446 0.02770662 1.21542 2.3136 17909.74
2460900.87778935 0.93269515 0.02723771 1.21513 2.426 17907.637
2460900.87793981 0.9931386 0.02735839 1.21485 2.2795 17900.984
2460900.8780787 0.9648342 0.02732891 1.21457 2.3818 17938.512
2460900.87822917 1.0072901 0.02747653 1.21429 2.2247 17932.672
2460900.87837963 1.0260924 0.02750057 1.21401 2.3328 17920.803
2460900.87853009 1.032087 0.02763791 1.21374 2.2237 17962.277
2460900.87868056 1.0537981 0.02776998 1.21346 2.5076 17940.2
2460900.87881944 1.074965 0.02783071 1.21319 2.6207 17934.21
2460900.87896991 1.0306745 0.02749974 1.21291 2.123 17990.781
2460900.87912037 0.9430669 0.02735069 1.21264 2.0989 17982.115
2460900.87927083 0.9782405 0.02755794 1.21237 2.2057 18008.086
2460900.8794213 0.9551723 0.02744494 1.2121 2.5447 18027.68
2460900.87956019 0.9904945 0.02759075 1.21183 2.0833 18026.744
2460900.87971065 1.0531955 0.02777381 1.21157 2.2971 18068.707
2460900.87986111 0.9779117 0.0274884 1.2113 2.6478 18071.402
2460900.88001157 0.95126355 0.02724393 1.21103 2.4482 18059.742
2460900.88016204 0.96937597 0.02728832 1.21077 2.4529 18092.613
2460900.8803125 1.0080752 0.0276508 1.21051 2.259 18088.812
2460900.88045139 1.0017596 0.02770258 1.21025 2.21 18106.04
2460900.88060185 1.0160074 0.02779867 1.20999 2.4022 18077.549
2460900.88075231 0.9443419 0.02711718 1.20973 2.2988 18062.498
2460900.88090278 1.0509683 0.02769657 1.20948 2.3048 18049.049
2460900.88105324 1.023569 0.02762225 1.20922 2.2613 18062.383
2460900.8812037 0.9622699 0.02735458 1.20896 2.1372 18041.895
2460900.88134259 1.0002861 0.02737961 1.20871 2.2385 18022.615
2460900.88149306 1.0320387 0.02745648 1.20846 2.5133 18042.14
2460900.88164352 0.9188197 0.02689094 1.20821 2.3844 18031.752
2460900.88179398 0.9931689 0.02754893 1.20796 2.2378 18031.174
2460900.88194444 1.0555787 0.0275768 1.20771 2.4324 18006.191
2460900.88209491 0.96954715 0.02735805 1.20746 2.3417 18013.86
2460900.8822338 0.9837531 0.02757905 1.20722 2.2199 18005.879
2460900.88238426 1.0372398 0.02773549 1.20697 2.2022 17989.092
2460900.88253472 0.99900806 0.02753975 1.20673 2.6832 18010.156
2460900.88268519 0.9997828 0.02757197 1.20648 2.5226 18017.21
2460900.88283565 1.0380869 0.02760423 1.20624 2.4192 17996.127
2460900.88297454 1.0227981 0.02748966 1.206 2.6165 18023.076
2460900.883125 1.059427 0.02769416 1.20576 2.0381 18010.88
2460900.88327546 0.99190456 0.02752781 1.20553 2.0834 17991.299
2460900.88342593 0.9927981 0.02727929 1.20529 2.456 18036.68
2460900.88357639 1.0027496 0.02735657 1.20505 2.3446 18034.264
2460900.88371528 1.0015403 0.02742924 1.20482 2.3615 18036.9
2460900.88386574 1.0353224 0.02758608 1.20459 2.329 18036.57
2460900.8840162 1.0212284 0.02745843 1.20436 2.2492 18040.857
2460900.88416667 1.028945 0.02735323 1.20413 2.11 18042.02
2460900.88431713 0.9899333 0.02723097 1.20389 2.1651 18034.312
2460900.88446759 1.0188949 0.02750298 1.20367 2.4036 18036.951
2460900.88461806 0.9844011 0.02728551 1.20344 2.4298 18060.268
2460900.88475694 0.9931796 0.02739572 1.20321 2.4379 18028.764
2460900.88490741 1.0075166 0.02737381 1.20299 2.0108 18079.004
2460900.88505787 1.0250471 0.02779738 1.20277 2.1717 18045.082
2460900.88520833 0.9331941 0.02696902 1.20255 2.1256 18037.23
2460900.8853588 0.9357247 0.0268019 1.20232 2.3579 18034.92
2460900.88549769 1.0210646 0.02760081 1.20211 2.21 18047.426
2460900.88564815 0.9950698 0.02713844 1.20189 2.5808 17996.564
2460900.88579861 0.97692156 0.02721291 1.20167 2.3482 18036.484
2460900.88594907 1.0146255 0.02752356 1.20145 2.3281 18033.06
2460900.88609954 1.0436604 0.02748505 1.20124 2.2909 18022.662
2460900.88625 1.0442932 0.02768944 1.20103 2.5678 18010.55
2460900.88638889 1.0227437 0.02738037 1.20081 2.3068 18013.531
2460900.88653935 1.034904 0.02743566 1.2006 2.2244 18008.76
2460900.88668981 0.9835907 0.02720827 1.20039 2.3785 17995.305
2460900.88684028 1.0120407 0.02735393 1.20018 2.1561 17981.992
2460900.88699074 1.0099499 0.02742721 1.19997 2.3161 17985.51
2460900.8871412 0.9719732 0.02726165 1.19977 2.1576 17956.518
2460900.88728009 1.0679516 0.02758728 1.19956 2.0454 17964.193
2460900.88743056 1.0480899 0.02735298 1.19936 2.2033 17957.902
2460900.88758102 1.0053235 0.02722268 1.19915 2.5319 17918.092
2460900.88773148 1.0432843 0.02725831 1.19895 2.4457 17925.152
2460900.88788194 1.0055695 0.02718413 1.19875 2.4747 17932.95
2460900.88803241 1.0194972 0.02715842 1.19856 2.5863 17962.346
2460900.8881713 0.9788886 0.02698238 1.19836 2.4902 17934.67
2460900.88832176 1.0360159 0.02745887 1.19816 2.0066 17926.205
2460900.88847222 0.9948067 0.02719642 1.19797 2.2224 17938.81
2460900.88862269 1.0252941 0.02732015 1.19777 2.6016 17947.14
2460900.88877315 1.0235633 0.02730618 1.19757 1.9851 17953.797
2460900.88892361 0.9618322 0.0274581 1.19738 2.2812 17947.346
2460900.8890625 0.98436207 0.0273337 1.19719 2.2595 17973.123
2460900.88921296 1.0195005 0.02754334 1.197 2.0132 17962.586
2460900.88936343 1.050664 0.02746391 1.19681 2.1334 17989.89
2460900.88951389 1.0432003 0.02724156 1.19663 2.9003 17979.316
2460900.88966435 1.0715426 0.02748006 1.19644 2.3656 17995.936
2460900.88980324 0.99410063 0.02699273 1.19626 2.0342 17997.934
2460900.8899537 1.0209767 0.02717239 1.19607 3.0747 17998.672
2460900.89010417 0.9981286 0.02707156 1.19589 2.1863 17994.967
2460900.89025463 0.97059244 0.02735917 1.19571 2.0335 18002.523
2460900.89040509 0.9445747 0.02693462 1.19553 2.3324 17990.535
2460900.89055556 1.008837 0.02719475 1.19535 2.2594 17993.588
2460900.89069444 1.0364711 0.02749793 1.19517 2.3888 17974.7
2460900.89084491 1.0278851 0.02734645 1.195 2.3512 17977.791
2460900.89099537 0.97625107 0.02732315 1.19482 2.1441 17947.676
2460900.89114583 0.98742884 0.02731707 1.19464 2.706 17919.416
2460900.8912963 1.0374528 0.02734157 1.19447 2.0554 17930.775
2460900.89144676 0.9619781 0.02708458 1.19429 2.164 17938.559
2460900.89158565 0.9837839 0.0271516 1.19412 2.0783 17965.996
2460900.89173611 1.0359659 0.02764353 1.19395 2.8112 17929.027
2460900.89188657 1.0100017 0.02707486 1.19378 2.7379 17949.572
2460900.89203704 1.0019262 0.02712171 1.19361 2.6418 17959.598
2460900.8921875 0.9421263 0.02683732 1.19345 1.9658 17956.354
2460900.89232639 0.98411435 0.02725566 1.19328 2.351 17982.121
2460900.89247685 1.053656 0.02730569 1.19312 2.2716 17964.006
2460900.89262731 0.96880203 0.02719993 1.19296 2.3089 17987.46
2460900.89277778 1.0334101 0.02719193 1.19279 2.2289 17966.07
2460900.89292824 0.94079083 0.02676476 1.19263 2.4169 17997.014
2460900.89306713 1.048258 0.02727393 1.19247 2.2211 17993.453
2460900.89321759 0.95822316 0.02719247 1.19231 2.2237 17997.61
2460900.89336806 1.0709156 0.02759897 1.19215 2.1081 18037.588
2460900.89351852 1.0094093 0.02736791 1.192 2.2832 18042.64
2460900.89366898 1.0167552 0.02730741 1.19184 2.1815 18036.494
2460900.89381944 0.9957724 0.02704454 1.19169 2.2973 18087.568
2460900.89395833 0.9862458 0.02702455 1.19154 2.1567 18113.195
2460900.8941088 1.0493836 0.02757402 1.19139 2.4174 18115.703
2460900.89425926 1.0128198 0.02711981 1.19124 2.1105 18127.775
2460900.89440972 1.051451 0.0275219 1.19109 2.0703 18126.826
2460900.89454861 1.0054755 0.02728417 1.19094 2.581 18129.736
2460900.89469907 0.9878876 0.02729124 1.19079 2.2721 18162.678
2460900.89484954 1.0450197 0.02747701 1.19065 2.36 18128.027
2460900.895 0.96320987 0.0271524 1.19051 2.6519 18187.564
2460900.89515046 1.0129707 0.02718512 1.19036 2.2142 18207.76
2460900.89528935 1.0046166 0.02726458 1.19022 2.6737 18206.568
2460900.89543981 1.007852 0.02708563 1.19008 2.4187 18201.408
2460900.89559028 1.0354831 0.02725645 1.18994 2.2626 18152.674
2460900.89574074 0.9971206 0.02704656 1.1898 2.3665 18143.496
2460900.8958912 0.9770758 0.02713446 1.18966 2.6513 18118.023
2460900.89604167 1.022669 0.02735408 1.18952 2.2227 18121.908
2460900.89618056 0.98595166 0.02723787 1.18939 2.3046 18132.146
2460900.89633102 0.97189134 0.02689351 1.18926 2.4514 18096.572
2460900.89648148 1.0020856 0.02719444 1.18912 2.4843 18096.035
2460900.89663194 1.0416191 0.02752571 1.18899 2.3286 18087.113
2460900.89677083 1.0121992 0.02727982 1.18886 2.3231 18078.146
2460900.8969213 1.0351859 0.0274626 1.18873 2.219 18094.42
2460900.89707176 1.0148607 0.02745058 1.1886 2.1829 18067.713
2460900.89722222 1.0528973 0.02755798 1.18848 2.3993 18087.527
2460900.89737269 0.97377706 0.02705978 1.18835 2.3268 18081.566
2460900.89751157 1.0420207 0.0274523 1.18822 2.5058 18088.664
2460900.89766204 1.0102984 0.02759798 1.1881 2.2827 18132.514
2460900.8978125 1.0793681 0.02744464 1.18797 2.5865 18125.152
2460900.89796296 1.0601383 0.02747763 1.18785 2.3769 18120.672
2460900.89811343 0.9785365 0.02701964 1.18773 2.1206 18146.938
2460900.89826389 0.9498059 0.02709194 1.18761 2.2145 18141.428
2460900.89840278 0.94814765 0.0270136 1.1875 2.2282 18115.713
2460900.89855324 0.9820409 0.02702456 1.18738 2.4197 18131.455
2460900.8987037 1.0366188 0.02730756 1.18726 2.1985 18108.562
2460900.89885417 1.0228168 0.02705744 1.18715 2.1788 18166.432
2460900.89900463 1.0065495 0.02708443 1.18703 2.3402 18137.834
2460900.89914352 1.0284622 0.02730028 1.18692 3.5266 18147.61
2460900.89929398 1.0338339 0.02737369 1.18681 2.3101 18192.791
2460900.89944444 1.0366181 0.02733213 1.18669 2.3421 18163.771
2460900.89959491 1.0729438 0.02746481 1.18658 2.3224 18188.508
2460900.89974537 0.99453384 0.02708882 1.18648 2.2636 18173.053
2460900.89989583 1.0032921 0.02738906 1.18637 3.444 18169.07
2460900.90003472 0.95607936 0.02694623 1.18626 2.4371 18149.96
2460900.90018519 0.9944828 0.02719831 1.18616 2.1288 18183.676
2460900.90033565 1.0536435 0.02762476 1.18605 2.3556 18156.889
2460900.90048611 1.0244831 0.02750548 1.18595 2.0866 18154.71
2460900.90063657 1.0166476 0.02738109 1.18585 2.1073 18202.844
2460900.90078704 0.9574393 0.0273597 1.18575 2.4152 18200.693
2460900.90092593 1.0163586 0.02750822 1.18565 2.0375 18212.555
2460900.90107639 1.0371128 0.02722826 1.18555 2.0047 18219.564
2460900.90122685 1.0508966 0.02779654 1.18545 2.2565 18199.412
2460900.90137731 1.0292825 0.02748126 1.18535 2.418 18206.934
2460900.9015162 0.94251794 0.027023 1.18526 2.0818 18225.129
2460900.90166667 1.0121324 0.02726865 1.18516 2.2305 18178.277
2460900.90181713 1.047729 0.02748276 1.18507 2.0709 18208.277
2460900.90196759 0.98501855 0.0271798 1.18498 2.2129 18175.508
2460900.90211806 1.0112587 0.02738552 1.18489 2.1856 18170.992
2460900.90226852 1.0355077 0.02732757 1.1848 2.3384 18176.15
2460900.90240741 1.0402018 0.02742214 1.18471 2.3333 18173.568
2460900.90255787 1.0152749 0.02766286 1.18462 2.3186 18168.658
2460900.90270833 0.95661753 0.02732719 1.18453 2.1285 18165.219
2460900.9028588 1.0258733 0.02782252 1.18445 2.6279 18138.2
2460900.90300926 1.032415 0.02768202 1.18436 2.2134 18163.768
2460900.90314815 1.0553812 0.02753187 1.18428 2.2514 18202.475
2460900.90329861 0.9967471 0.02725337 1.1842 2.1161 18162.45
2460900.90344907 1.0428693 0.02732647 1.18412 2.2922 18177.375
2460900.90359954 1.0198228 0.02770105 1.18404 2.3368 18178.87
2460900.90375 0.9212302 0.02667605 1.18396 2.1584 18216.775
2460900.90388889 1.001248 0.02728387 1.18388 2.2089 18227.496
2460900.90403935 1.0148692 0.02732869 1.18381 2.2348 18203.633
2460900.90418981 1.0327694 0.0276265 1.18373 2.1084 18223.396
2460900.90434028 0.9457267 0.02714024 1.18365 2.7378 18224.08
2460900.90449074 1.0220915 0.02760619 1.18358 2.2784 18195.2
2460900.9046412 1.029075 0.02755273 1.18351 2.3052 18208.861
2460900.90478009 1.0088328 0.02715054 1.18344 2.0528 18218.385
2460900.90493056 1.0166277 0.02745629 1.18337 2.3388 18216.113
2460900.90508102 0.9857722 0.02731516 1.1833 2.1214 18222.523
2460900.90523148 0.99652857 0.027255 1.18323 2.0327 18210.365
2460900.90538194 1.0113549 0.0273532 1.18317 2.3256 18205.377
2460900.90552083 1.0123333 0.02768181 1.1831 2.2089 18226.488
2460900.9056713 1.0275748 0.02770078 1.18304 2.3134 18215.332
2460900.90582176 1.0597178 0.02755007 1.18298 2.2132 18213.79
2460900.90597222 1.0037323 0.02745787 1.18291 2.2441 18243.01
2460900.90612269 1.0801219 0.02775339 1.18285 2.5009 18238.877
2460900.90626157 0.99442184 0.02731322 1.18279 2.1851 18247.375
2460900.90641204 0.97899157 0.02715415 1.18273 2.3431 18240.633
2460900.9065625 1.0504241 0.02775293 1.18267 2.2866 18265.73
2460900.90671296 1.0192791 0.02746249 1.18262 1.9766 18280.125
2460900.90686343 0.99089724 0.02739479 1.18256 2.3087 18282.709
2460900.90700231 0.9787358 0.02697534 1.18251 2.0358 18309.547
2460900.90715278 1.0488437 0.02741794 1.18245 2.1983 18302.328
2460900.90730324 1.3092483 0.02889743 1.1824 2.0623 18315.244
2460900.9074537 1.0171348 0.02737205 1.18235 2.2368 18316.738
2460900.90760417 1.0178238 0.0273764 1.1823 2.1924 18296.27
2460900.90774306 0.9233762 0.02698762 1.18225 2.1555 18338.234
2460900.90789352 0.9696083 0.0270237 1.18221 2.3208 18324.473
2460900.90804398 1.0352354 0.02773265 1.18216 2.2304 18320.47
2460900.90819444 1.0310588 0.02750932 1.18212 2.2642 18294.809
2460900.90833333 1.0583968 0.02782289 1.18207 2.5892 18297.096
2460900.9084838 1.0108343 0.02767807 1.18203 2.0796 18315.348
2460900.90863426 1.0184323 0.0273796 1.18199 2.2928 18263.652
2460900.90878472 1.0664743 0.02772368 1.18194 2.2882 18270.543
2460900.90893519 1.0308275 0.0275302 1.1819 2.1407 18302.326
2460900.90908565 0.9586672 0.0271771 1.18186 2.381 18349.955
2460900.90922454 1.0526198 0.02769803 1.18183 2.2349 18379.371
2460900.909375 1.0061649 0.027387 1.18179 2.0214 18370.197
2460900.90952546 1.005926 0.02744978 1.18176 2.3309 18366.256
2460900.90967593 1.0597179 0.0277754 1.18172 2.2884 18355.422
2460900.90982639 1.0657674 0.02759799 1.18169 2.2028 18305.123
2460900.90996528 0.98702574 0.02719013 1.18165 2.2054 18282.633
2460900.91011574 1.0448016 0.02767572 1.18162 2.1633 18332.615
2460900.9102662 0.9784747 0.02724972 1.18159 2.3924 18297.932
2460900.91041667 1.0245225 0.02739134 1.18156 2.1221 18330.39
2460900.91056713 1.0651752 0.02776597 1.18153 2.3582 18367.19
2460900.91070602 1.0016739 0.0276669 1.18151 2.4448 18443.889
2460900.91085648 1.0158004 0.02764532 1.18148 2.2382 18459.477
2460900.91100694 1.086773 0.02814736 1.18146 2.5004 18507.943
2460900.91115741 0.98543555 0.02727375 1.18143 2.1134 18515.828
2460900.91130787 0.9787466 0.02732806 1.18141 2.3304 18506.166
2460900.91145833 1.0169963 0.0275348 1.18139 2.2143 18468.38
2460900.91159722 0.9999747 0.02736544 1.18137 2.3806 18468.986
2460900.91174769 0.9925749 0.02754874 1.18135 2.1914 18464.766
2460900.91189815 0.9175389 0.02696467 1.18133 2.4097 18479.002
2460900.91204861 1.0197341 0.02759669 1.18131 2.1537 18488.23
2460900.91219907 1.0363451 0.02747155 1.18129 2.1053 18494.021
2460900.91233796 1.0204067 0.02753828 1.18128 3.3118 18494.234
2460900.91248843 1.0715563 0.02774846 1.18127 2.4569 18488.928
2460900.91263889 1.0665177 0.02768772 1.18125 2.241 18493.717
2460900.91278935 1.0537355 0.02753623 1.18124 2.0971 18506.11
2460900.91292824 0.9993099 0.02746362 1.18123 2.1647 18523.33
2460900.9130787 1.0622616 0.02765007 1.18122 2.5011 18504.916
2460900.91322917 1.027113 0.02747556 1.18121 2.1982 18543.05
2460900.91337963 1.0859662 0.02776612 1.18121 2.1518 18563.674
2460900.91353009 0.9967289 0.02745039 1.1812 2.2213 18603.064
2460900.91368056 1.0396917 0.02764024 1.1812 1.9942 18618.34
2460900.91381944 0.9324033 0.02696856 1.18119 2.4955 18602.39
2460900.91396991 0.964754 0.0271615 1.18119 2.5321 18571.652
2460900.91412037 1.0232766 0.02738959 1.18119 2.0354 18547.715
2460900.91427083 0.9985523 0.02736613 1.18119 2.0501 18548.924
2460900.9144213 1.0215175 0.0274371 1.18119 2.3608 18539.22
2460900.91456019 1.011736 0.0275674 1.18119 2.4304 18552.281
2460900.91471065 0.98884314 0.02745209 1.18119 2.2291 18599.895
2460900.91486111 1.091308 0.02783261 1.18119 2.2246 18641.871
2460900.91501157 0.97519904 0.02724359 1.1812 2.6879 18644.2
2460900.91516204 1.0252794 0.02783487 1.1812 2.0687 18631.662
2460900.91530093 1.0387111 0.0275809 1.18121 2.072 18586.979
2460900.91545139 1.0782385 0.02809416 1.18122 1.9768 18552.037
2460900.91560185 0.9412134 0.0271101 1.18123 2.1917 18520.543
2460900.91575231 1.0900106 0.02784386 1.18124 2.1188 18511.172
2460900.91590278 1.034868 0.02775941 1.18125 2.3219 18542.97
2460900.91604167 1.0169849 0.02737884 1.18126 2.1108 18576.164
2460900.91619213 1.0796098 0.02791938 1.18127 2.4464 18606.496
2460900.91634259 0.95695996 0.02726756 1.18129 2.1595 18598.031
2460900.91649306 0.8852278 0.02687686 1.1813 2.3972 18637.082
2460900.91663194 0.99471784 0.02742466 1.18132 2.3654 18650.805
2460900.91678241 1.004624 0.02749247 1.18134 2.2572 18656.584
2460900.91693287 0.9837212 0.02737793 1.18136 2.1485 18699.0
2460900.91708333 1.0036792 0.02760307 1.18138 2.3636 18718.111
2460900.9172338 1.0245456 0.02776711 1.1814 2.5266 18704.328
2460900.91737269 1.0256474 0.02768278 1.18142 2.4083 18717.695
2460900.91752315 0.9598288 0.0274711 1.18145 2.2662 18776.988
2460900.91767361 1.0386176 0.02779934 1.18147 2.3673 18835.758
2460900.91782407 1.001855 0.02767693 1.1815 2.3053 18740.521
2460900.91797454 1.0258027 0.02769161 1.18153 2.004 18838.92
2460900.918125 0.9951837 0.0276352 1.18155 3.6344 18920.428
2460900.91826389 1.0307992 0.02783207 1.18158 2.2496 18885.137
2460900.91841435 1.0187396 0.02772966 1.18161 2.1903 18924.273
2460900.91856481 0.98523235 0.02765497 1.18165 2.2955 18922.227
2460900.91871528 0.97827566 0.02787133 1.18168 2.1918 18990.506
2460900.91886574 0.9998074 0.02760169 1.18171 2.0452 18990.848
2460900.91900463 1.0593816 0.0281483 1.18175 2.4398 18997.26
2460900.91915509 1.0431827 0.02793828 1.18178 2.0023 19061.877
2460900.91930556 0.9433574 0.02729506 1.18182 2.6844 19088.299
2460900.91945602 0.9559049 0.02739429 1.18185 2.5721 19095.55
2460900.91960648 0.9921317 0.02779664 1.18189 2.4062 19141.037
2460900.91974537 1.0302576 0.02786225 1.18193 2.4037 19144.854
2460900.91989583 1.0561239 0.02803903 1.18198 2.447 19214.273
2460900.9200463 0.98342484 0.02784181 1.18202 2.2408 19225.176
2460900.92019676 1.0147413 0.02796848 1.18206 2.194 19281.566
2460900.92034722 0.9882504 0.02764357 1.1821 2.2049 19282.395
2460900.92049769 0.96633846 0.02803033 1.18215 2.4357 19354.814
2460900.92063657 1.0301727 0.02801868 1.1822 2.2726 19434.098
2460900.92078704 1.0186951 0.02787567 1.18224 2.0734 19443.662
2460900.9209375 0.9991096 0.02786451 1.18229 2.2247 19436.373
2460900.92108796 1.04954 0.02818639 1.18234 3.1432 19448.996
2460900.92123843 1.009322 0.02816364 1.18239 2.3772 19490.42
2460900.92137731 1.0245453 0.02832162 1.18245 2.359 19555.336
2460900.92152778 1.030258 0.02836778 1.1825 2.3398 19600.717
2460900.92167824 0.99270964 0.02822409 1.18255 2.1035 19637.258
2460900.9218287 1.0008438 0.02825636 1.18261 2.5699 19689.805
2460900.92197917 1.0090967 0.02807833 1.18267 2.2887 19766.412
2460900.92212963 0.96241534 0.02812807 1.18272 2.2125 19845.02
2460900.92226852 0.9932275 0.02821903 1.18279 2.4516 19892.951
2460900.92241898 1.010852 0.0285554 1.18285 2.4514 19953.9
