BJD FluxNorm FluxNormErr Airmass FWHM_TL SkyBg
2460900.77061343 1.0480093 0.06157992 1.97523 2.3788 36992.07
2460900.77084491 1.0750883 0.0624639 1.98319 2.2831 36899.598
2460900.77099537 1.0566669 0.06199937 1.98062 2.0794 36838.39
2460900.77113426 1.0388666 0.06147024 1.97804 2.1052 36781.52
2460900.77128472 1.0275575 0.06109077 1.97548 2.1814 36752.32
2460900.77143519 1.0718791 0.06177585 1.97294 2.272 36699.395
2460900.77158565 1.0799007 0.06165659 1.9704 2.0748 36605.465
2460900.77172454 1.020253 0.06098868 1.96786 2.1303 36623.684
2460900.771875 1.0991795 0.06193242 1.96533 2.1633 36588.164
2460900.77202546 1.0590965 0.0608581 1.9628 2.067 36557.914
2460900.77217593 1.0532981 0.06092019 1.9603 2.0831 36514.59
2460900.77231481 1.0561796 0.06098087 1.9578 2.075 36513.99
2460900.77246528 1.0428036 0.060571 1.95531 2.2207 36487.848
2460900.77261574 1.0390719 0.06026669 1.95282 2.223 36485.38
2460900.7727662 1.0563004 0.06056942 1.95034 2.0841 36449.33
2460900.77290509 0.99091136 0.05939989 1.94788 2.1882 36486.758
2460900.77305556 1.0090767 0.05965896 1.94539 2.0938 36473.125
2460900.77320602 1.0580577 0.05981705 1.94295 2.0269 36457.82
2460900.77335648 1.013475 0.05900138 1.9405 2.115 36408.11
2460900.77350694 1.0450665 0.05968802 1.93807 2.0703 36353.69
2460900.77364583 1.0611705 0.06032541 1.93564 2.1476 36337.715
2460900.7737963 1.0510337 0.05954857 1.93322 2.0254 36301.062
2460900.77394676 1.0730414 0.05945446 1.93081 2.1722 36259.848
2460900.77409722 0.97527343 0.0582203 1.92841 2.0869 36218.58
2460900.77424768 1.073104 0.05920932 1.92602 2.0692 36160.684
2460900.77438657 1.0269914 0.0590822 1.92364 2.0445 36141.54
2460900.77453704 1.0172197 0.05814056 1.92126 2.1048 36103.65
2460900.7746875 1.0112545 0.05818442 1.91888 2.0963 36074.707
2460900.77483796 1.0362983 0.05798752 1.91652 2.0589 36093.367
2460900.77497685 1.0460798 0.05847437 1.91417 2.1064 36055.44
2460900.77512731 1.0475537 0.0583282 1.91181 2.158 35989.688
2460900.77527778 0.98552793 0.05747056 1.90944 2.0426 35960.418
2460900.77542824 0.99455976 0.05762941 1.9071 2.0241 35937.406
2460900.7755787 1.0605279 0.05814648 1.90478 2.0293 35947.56
2460900.77571759 1.0388801 0.05757042 1.90246 2.0593 35892.086
2460900.77586806 1.0389098 0.05766387 1.90017 2.1302 35818.805
2460900.77601852 1.0494673 0.05760351 1.89787 2.0204 35782.22
2460900.77616898 1.056529 0.05699031 1.89557 2.0771 35743.293
2460900.77630787 1.137842 0.05849012 1.8933 2.1037 35678.023
2460900.77645833 1.0239958 0.05709369 1.89102 2.1367 35650.71
2460900.7766088 1.092962 0.05664786 1.88874 2.1549 35559.6
2460900.77675926 1.0827017 0.0569493 1.88649 2.1568 35540.797
2460900.77689815 1.0246233 0.05595667 1.88422 2.2115 35464.754
2460900.77704861 1.0243163 0.05598643 1.88199 2.1958 35465.402
2460900.77719907 1.0426736 0.0562015 1.87974 2.0001 35393.367
2460900.77733796 1.052811 0.05663286 1.87751 2.1161 35451.277
2460900.77748843 0.9847 0.05527294 1.87524 1.9711 35383.477
2460900.77763889 0.9975924 0.05538847 1.87303 2.1343 35355.1
2460900.77778935 1.0855 0.05650429 1.87081 2.1586 35304.773
2460900.77793981 1.0598233 0.05633593 1.86861 2.0056 35282.9
2460900.7780787 1.0524491 0.05566913 1.86641 2.2037 35202.91
2460900.77822917 0.99041003 0.05466982 1.8642 2.1551 35143.477
2460900.77837963 1.0222182 0.05455004 1.86201 2.2228 35121.23
2460900.77853009 1.0593112 0.05529476 1.85984 2.157 35076.1
2460900.77866898 1.0097928 0.05489801 1.85767 2.1317 35005.465
2460900.77881944 1.0638676 0.05525035 1.8555 2.2599 34966.254
2460900.77896991 1.000803 0.05383256 1.85334 2.2954 34919.82
2460900.77912037 0.9475097 0.05357205 1.85118 2.2927 34885.027
2460900.77925926 1.0228179 0.05458256 1.84903 2.201 34876.98
2460900.77940972 1.0335364 0.05409825 1.8469 2.219 34895.395
2460900.77956019 1.0520365 0.0543588 1.84476 2.2382 34862.207
2460900.77971065 1.0187628 0.05392479 1.84259 2.0655 34837.492
2460900.77986111 0.9845444 0.05376495 1.84047 2.2389 34877.43
2460900.78 1.0011847 0.05336502 1.83838 2.2775 34844.992
2460900.78015046 1.0180348 0.05335654 1.83627 2.2259 34809.812
2460900.78030093 1.0467521 0.05368727 1.83417 2.0695 34781.406
2460900.78045139 1.0704788 0.05399611 1.83207 2.1263 34727.406
2460900.78059028 1.0699645 0.05350773 1.82999 2.1022 34744.5
2460900.78074074 1.0347178 0.05334495 1.82791 2.0973 34690.035
2460900.7808912 1.050821 0.05298965 1.82584 2.1508 34650.758
2460900.78104167 1.0497534 0.05290414 1.82376 2.2607 34644.734
2460900.78118056 1.0974758 0.05374981 1.8217 2.1915 34584.66
2460900.78133102 1.0511662 0.05302833 1.81966 2.1765 34578.67
2460900.78148148 1.0738024 0.05296108 1.81761 2.1326 34542.543
2460900.78163194 1.0516344 0.05274302 1.81557 2.2118 34610.76
2460900.78177083 1.0713993 0.05268045 1.81354 2.0583 34591.016
2460900.7819213 0.9595453 0.05180146 1.81147 2.3105 34596.355
2460900.78207176 0.9937755 0.05185495 1.80944 2.1477 34572.17
2460900.78222222 0.9894264 0.05190886 1.80743 2.176 34602.43
2460900.78237269 1.0005645 0.05189381 1.80542 2.1178 34577.46
2460900.78251157 1.0355196 0.0518488 1.80342 2.0559 34561.016
2460900.78266204 1.003862 0.0515709 1.80142 2.1405 34542.914
2460900.7828125 1.0323857 0.05231485 1.79944 2.0881 34581.758
2460900.78295139 1.0633413 0.05224404 1.79745 2.1328 34511.46
2460900.78310185 1.0558498 0.05192054 1.79548 2.2926 34486.668
2460900.78325231 1.0409014 0.05149391 1.7935 2.0938 34453.953
2460900.78340278 1.0530448 0.05168559 1.79154 2.2461 34424.125
2460900.78354167 1.0229063 0.0509721 1.78957 2.0884 34337.668
2460900.78369213 1.0317605 0.05071473 1.78762 2.1751 34239.22
2460900.78384259 1.0077125 0.05081228 1.78567 2.1689 34200.96
2460900.78399306 0.98836255 0.0502104 1.78372 2.2106 34137.35
2460900.78414352 1.0045127 0.05057331 1.78174 2.1988 34113.28
2460900.78428241 0.9584242 0.04979838 1.77981 2.1135 34064.18
2460900.78443287 1.0250351 0.05046032 1.77789 2.1477 34006.426
2460900.78458333 1.0452648 0.05038761 1.77598 2.1472 34019.195
2460900.7847338 1.0353324 0.05047781 1.77407 2.2166 34025.613
2460900.78487269 1.03855 0.05048179 1.77216 2.3477 33980.34
2460900.78502315 1.0390487 0.05013439 1.77025 2.089 34029.97
2460900.78517361 1.0516014 0.05049481 1.76835 2.0232 33924.316
2460900.78532407 1.09648 0.05055243 1.76646 2.3516 33914.56
2460900.78546296 1.0503852 0.05011561 1.76457 2.236 33920.637
2460900.78561343 1.03604 0.05010892 1.7627 2.2049 33911.566
2460900.78576389 1.0519547 0.05004085 1.76082 2.0577 33830.285
2460900.78591435 1.0577573 0.0494182 1.75895 2.1037 33790.293
2460900.78605324 0.9997281 0.04889933 1.75709 2.1747 33736.414
2460900.7862037 1.0351211 0.04970161 1.75524 2.2717 33761.66
2460900.78635417 1.051971 0.04959742 1.75335 2.2042 33723.707
2460900.78650463 1.0073361 0.04881192 1.75151 2.1286 33679.61
2460900.78665509 0.9895807 0.04853385 1.74966 2.1489 33659.027
2460900.78679398 0.98708403 0.04848032 1.74783 2.1155 33606.11
2460900.78694444 1.016377 0.04870342 1.746 2.2222 33540.87
2460900.78709491 1.0739878 0.04924137 1.74418 2.3092 33554.3
2460900.7872338 1.056251 0.0488735 1.74237 2.1621 33526.605
2460900.78738426 1.009236 0.04826214 1.74055 2.2309 33517.67
2460900.78753472 0.9560603 0.0477194 1.73873 2.1894 33443.297
2460900.78768519 0.9937986 0.04834472 1.73694 2.1323 33466.44
2460900.78782407 1.0520935 0.04839619 1.73513 2.1427 33435.566
2460900.78797454 1.0513605 0.04834639 1.73335 2.1052 33399.16
2460900.788125 1.0395156 0.04825984 1.73156 2.1743 33378.973
2460900.78827546 0.9865588 0.04797753 1.72979 2.2382 33338.746
2460900.78841435 0.9886698 0.04732236 1.728 2.1517 33294.41
2460900.78856481 1.0042173 0.04732652 1.72621 2.3337 33284.92
2460900.78871528 1.0108432 0.0476655 1.72443 2.2899 33258.8
2460900.78886574 1.0354824 0.04759688 1.72268 2.2088 33188.96
2460900.7890162 1.0470737 0.04746329 1.72092 2.2308 33200.7
2460900.78915509 1.0253148 0.04739517 1.71917 2.2051 33108.793
2460900.78930556 1.0344828 0.04726236 1.71743 2.2118 33113.918
2460900.78945602 1.0332086 0.04729526 1.71569 2.3116 33060.76
2460900.78960648 1.0203402 0.04702061 1.71395 2.0799 33026.625
2460900.78974537 1.026305 0.04698855 1.71222 2.196 32979.754
2460900.78989583 1.0409939 0.04703639 1.71049 2.1981 32947.1
2460900.7900463 1.0291713 0.04647303 1.70877 2.1711 32950.992
2460900.79019676 1.0339702 0.04688465 1.70706 2.1715 32921.07
2460900.79033565 1.0260268 0.04653386 1.70534 2.2338 32826.934
2460900.79048611 1.0704988 0.0468691 1.70364 2.1592 32877.324
2460900.79063657 0.99777275 0.04628562 1.70194 2.3414 32840.926
2460900.79078704 1.0308697 0.04628643 1.70021 2.2807 32795.61
2460900.7909375 0.96856576 0.04559291 1.69851 2.0177 32809.387
2460900.79107639 1.0149876 0.04609608 1.69683 2.2666 32789.07
2460900.79122685 0.98863953 0.04600143 1.69515 2.3182 32773.33
2460900.79137731 1.066651 0.04650514 1.69348 2.272 32723.643
2460900.79152778 1.0091805 0.04609654 1.69181 2.2269 32688.318
2460900.79166667 1.0686289 0.04623127 1.69015 2.3576 32678.736
2460900.79181713 1.0217499 0.04587133 1.68849 2.1467 32679.04
2460900.79196759 1.0432678 0.04553084 1.68682 2.0826 32687.56
2460900.79211806 1.0252568 0.045892 1.68518 2.0909 32629.873
2460900.79225694 0.95711 0.04510958 1.68353 2.2472 32573.834
2460900.79240741 0.9598087 0.04495482 1.6819 2.3229 32574.102
2460900.79255787 1.0426378 0.04516212 1.68026 2.2258 32516.139
2460900.79270833 1.0303646 0.04553945 1.67862 2.1871 32429.041
2460900.79284722 1.0256745 0.04486931 1.67699 2.0959 32425.998
2460900.79299769 1.0004029 0.04483781 1.67534 2.2457 32406.076
2460900.79314815 1.0108323 0.04480121 1.67372 2.4168 32322.742
2460900.79329861 1.035328 0.04518145 1.67212 2.2467 32333.717
2460900.79344907 0.9920111 0.04438516 1.67051 2.227 32278.75
2460900.79358796 1.0065252 0.04457217 1.6689 2.174 32256.691
2460900.79375 1.0053082 0.04471557 1.66722 2.3499 32212.645
2460900.79390046 0.9846647 0.0443253 1.66563 2.2677 32296.564
2460900.79403935 1.0195285 0.04453642 1.66404 2.1871 32242.748
2460900.79418981 0.9928537 0.04443196 1.66245 2.2476 32259.47
2460900.79434028 0.98867893 0.04395876 1.66087 2.2316 32236.088
2460900.79449074 1.0489728 0.04443758 1.6593 2.1907 32238.918
2460900.79462963 0.9472066 0.04316093 1.65773 2.2512 32198.594
2460900.79478009 0.98200524 0.04362731 1.65615 2.1505 32195.107
2460900.79493056 1.0306247 0.04398377 1.65459 2.1084 32198.81
2460900.79508102 1.0189922 0.04380895 1.65303 2.285 32116.666
2460900.79523148 1.0414189 0.0442315 1.65145 2.1894 32079.537
2460900.79537037 1.0297345 0.04396143 1.6499 2.252 32062.977
2460900.79552083 1.0150477 0.04378828 1.64837 2.3961 32002.412
2460900.7956713 1.0105733 0.04344271 1.64682 2.3007 31986.83
2460900.79581019 0.99808353 0.04345905 1.64529 2.229 31875.059
2460900.79596065 0.9702778 0.04330081 1.64376 2.2643 31893.44
2460900.79611111 0.9923382 0.04295731 1.64223 2.0801 31832.262
2460900.79626157 1.0309019 0.04362903 1.64071 2.1509 31815.047
2460900.79640046 1.0036684 0.04294257 1.63919 2.2221 31783.867
2460900.79655093 1.0294676 0.04353552 1.63768 2.1982 31750.938
2460900.79670139 1.0251466 0.04329592 1.63617 2.2188 31773.002
2460900.79685185 1.026948 0.0433784 1.63467 2.2156 31670.16
2460900.79699074 1.0266289 0.04289883 1.63317 2.223 31638.39
2460900.79715278 0.985106 0.04230195 1.63168 2.1549 31637.12
2460900.79730324 1.0346932 0.04265638 1.63018 2.1555 31621.045
2460900.7974537 1.0550598 0.0429087 1.62868 2.1023 31613.66
2460900.79760417 1.024934 0.04305754 1.62719 2.0572 31622.117
2460900.79774306 1.0387818 0.04276648 1.62571 2.4508 31600.84
2460900.79789352 1.0417778 0.04269656 1.62423 2.3127 31553.855
2460900.79804398 1.0196778 0.04248526 1.62276 2.2584 31573.889
2460900.79819444 0.9466585 0.04160025 1.6213 2.2222 31501.703
2460900.79833333 1.0493597 0.0425268 1.61983 2.1844 31489.521
2460900.7984838 0.9550575 0.04174349 1.61837 2.1315 31439.914
2460900.79863426 1.0206214 0.042265 1.61692 2.4309 31447.328
2460900.79878472 1.0538119 0.04257192 1.61548 2.2289 31433.674
2460900.79892361 0.9536892 0.04146594 1.61403 2.4277 31365.768
2460900.79907407 1.0361625 0.04228418 1.61258 2.1387 31307.023
2460900.79922454 0.97290945 0.04202338 1.61115 2.196 31352.68
2460900.799375 0.9745664 0.04178993 1.60971 2.1996 31328.72
2460900.79951389 0.99756956 0.04153643 1.60828 2.2977 31298.928
2460900.79966435 0.96522456 0.0412686 1.60683 2.1913 31302.84
2460900.79981481 0.9775304 0.04129423 1.6054 2.203 31253.727
2460900.79996528 1.0408697 0.04178402 1.60399 2.1768 31231.236
2460900.80011574 0.97176385 0.04125113 1.60257 2.2295 31255.955
2460900.80025463 1.0273657 0.04175846 1.60117 2.1708 31238.846
2460900.80040509 0.9812605 0.04141071 1.59976 2.3484 31249.299
2460900.80055556 1.0121516 0.04162096 1.59836 2.2097 31216.535
2460900.80070602 1.0112126 0.04127523 1.59696 2.2125 31203.895
2460900.80084491 1.0124556 0.04147295 1.59558 2.335 31150.078
2460900.80099537 0.9272311 0.04030262 1.59418 2.4397 31177.2
2460900.80114583 0.99009484 0.04095168 1.5928 2.2399 31159.094
2460900.8012963 0.9852169 0.04089558 1.59142 2.3162 31130.664
2460900.80143519 0.9946021 0.04078236 1.59004 2.1253 31074.748
2460900.80158565 1.0310479 0.04119887 1.58866 2.0566 31051.602
2460900.80173611 1.0451348 0.04120645 1.58729 2.0842 31041.973
2460900.80188657 1.0160462 0.04110051 1.5859 2.2271 30988.08
2460900.80203704 1.0186913 0.04120016 1.58454 2.2693 30997.291
2460900.80217593 1.0010439 0.04102237 1.58317 2.3426 30983.613
2460900.80232639 0.99494714 0.04061684 1.58181 2.1249 30946.934
2460900.80247685 1.064566 0.04107383 1.58046 2.16 30870.08
2460900.80262731 0.9991299 0.04032435 1.57911 2.1996 30856.693
2460900.8027662 1.0062526 0.0404849 1.57777 2.1903 30798.46
2460900.80291667 0.9599603 0.04010023 1.57643 2.3269 30836.016
2460900.80306713 1.0134609 0.04043272 1.5751 2.2403 30835.871
2460900.80321759 0.9912199 0.04016895 1.57376 2.1713 30760.678
2460900.80335648 0.99280494 0.04003122 1.57244 2.2343 30766.121
2460900.80350694 0.99727637 0.03981555 1.57111 2.0962 30742.94
2460900.80365741 0.9861932 0.03956976 1.56979 2.2044 30710.777
2460900.80380787 0.9661429 0.03976933 1.56847 2.1244 30675.986
2460900.80394676 0.9773568 0.03975825 1.56716 2.1533 30654.18
2460900.80409722 0.98162067 0.04011905 1.56582 2.1399 30657.576
2460900.80424768 1.006634 0.04012226 1.56452 2.1995 30695.42
2460900.80439815 1.0088518 0.04010946 1.56321 2.2644 30700.176
2460900.80454861 1.0206186 0.03984784 1.56191 2.0643 30630.299
2460900.8046875 0.9828729 0.0397379 1.56061 2.1966 30681.646
2460900.80483796 0.98271084 0.03946145 1.55931 2.1579 30698.047
2460900.80498843 1.054633 0.04021392 1.55802 2.206 30653.0
2460900.80513889 1.0399859 0.03983735 1.55674 2.2098 30627.533
2460900.80527778 0.9999912 0.03939973 1.55546 2.1075 30628.73
2460900.80542824 1.0199946 0.03970289 1.55418 2.2008 30567.803
2460900.8055787 1.0010513 0.03925219 1.5529 2.1772 30563.055
2460900.80572917 1.04833 0.03983309 1.55163 2.1858 30545.436
2460900.80586806 1.0067251 0.03958612 1.55036 2.1564 30469.826
2460900.80601852 0.95345587 0.03906438 1.54909 2.2859 30449.227
2460900.80616898 0.97862816 0.03901056 1.54784 2.1751 30459.627
2460900.80631944 1.0047821 0.03967258 1.54656 2.3513 30395.049
2460900.80646991 1.0299782 0.03985316 1.5453 2.1334 30399.148
2460900.8066088 1.0114557 0.03910088 1.54405 2.262 30361.43
2460900.80675926 0.9845542 0.03903196 1.5428 2.3193 30316.463
2460900.80690972 0.9908785 0.03906965 1.54156 2.3546 30368.012
2460900.80706019 0.9968593 0.03897912 1.54032 2.2397 30339.178
2460900.80719907 0.99199355 0.03894565 1.53908 2.3419 30377.467
2460900.80734954 0.98775333 0.03921023 1.53785 2.33 30365.443
2460900.8075 0.9999723 0.0388798 1.53662 2.1597 30360.219
2460900.80765046 1.0149446 0.03909664 1.5354 2.3683 30330.408
2460900.80778935 0.97878593 0.03877133 1.53417 2.1435 30329.268
2460900.80793981 0.9956543 0.03891958 1.53295 2.1859 30383.047
2460900.80809028 1.0232862 0.03889157 1.53173 2.0366 30350.64
2460900.80824074 0.9736269 0.03861897 1.53052 2.2749 30320.06
2460900.80837963 0.99888474 0.03879359 1.52931 2.2865 30279.86
2460900.80853009 1.0114262 0.03853289 1.52808 2.1336 30286.527
2460900.80868056 0.99533176 0.03846186 1.52688 2.2393 30198.623
2460900.80883102 0.97733533 0.03832515 1.52568 2.125 30219.44
2460900.80898148 0.9831791 0.03829835 1.52449 2.3225 30143.396
2460900.80912037 0.9962601 0.03842631 1.5233 2.3809 30104.932
2460900.80927083 1.0094416 0.03838564 1.52211 2.2339 30074.182
2460900.8094213 0.9889684 0.03783189 1.52092 1.983 30025.904
2460900.80957176 1.0296168 0.0381807 1.51973 2.1672 29987.348
2460900.80971065 1.035068 0.0381967 1.51856 2.2481 30012.512
2460900.80986111 1.0146098 0.03811002 1.51737 2.3144 30004.365
2460900.81001157 0.9914403 0.03810569 1.5162 2.2345 29979.195
2460900.81016204 1.0170977 0.03840638 1.51503 2.3584 29976.521
2460900.81030093 0.94690365 0.03743332 1.51386 2.1223 29999.887
2460900.81045139 0.9552415 0.0374029 1.5127 2.2409 29956.793
2460900.81060185 0.9858426 0.03781792 1.51154 2.123 29972.908
2460900.81075231 1.020163 0.03754959 1.51036 2.1788 29939.998
2460900.81090278 0.9703567 0.03736119 1.5092 2.2026 29962.42
2460900.81104167 0.9540585 0.03712959 1.50805 2.2465 29948.479
2460900.81119213 1.0319644 0.03782934 1.50691 2.3018 29950.0
2460900.81134259 1.0190688 0.03775008 1.50576 2.2623 29966.172
2460900.81149306 1.0281527 0.03813366 1.50462 2.2011 29940.281
2460900.81163194 0.94829166 0.03685307 1.50348 2.2109 29911.014
2460900.81178241 0.9770711 0.0375343 1.50234 2.1742 29849.967
2460900.81193287 1.0251356 0.03775326 1.50121 2.2042 29884.656
2460900.81208333 0.9829985 0.03736803 1.50008 2.3854 29801.592
2460900.81222222 0.98730737 0.03756047 1.49895 2.4058 29800.693
2460900.81237269 0.9552151 0.03723452 1.49783 2.29 29821.947
2460900.81252315 0.99452466 0.03729555 1.49671 2.3242 29760.926
2460900.81267361 0.9770429 0.03702217 1.4956 2.1994 29797.45
2460900.8128125 0.9845546 0.03704171 1.49448 2.2173 29759.188
2460900.81296296 1.0560844 0.03753597 1.49336 2.2132 29709.73
2460900.81311343 1.0174937 0.03735267 1.49225 2.2446 29761.094
2460900.81326389 0.9698992 0.03686686 1.49114 2.2949 29717.123
2460900.81341435 1.013321 0.03696845 1.49003 2.405 29674.348
2460900.81355324 0.9852926 0.03681184 1.48894 2.2016 29669.123
2460900.8137037 1.0218397 0.03730966 1.48784 2.2666 29692.922
2460900.81385417 1.0225017 0.03735193 1.48675 2.2888 29658.916
2460900.81400463 1.0225924 0.03710309 1.48566 2.381 29593.654
2460900.81414352 0.98008347 0.0366802 1.48457 2.264 29625.613
2460900.81429398 0.9657096 0.03628166 1.48349 2.1285 29545.418
2460900.81444444 0.9694145 0.0362942 1.4824 2.0832 29544.79
2460900.81459491 0.99731296 0.03671612 1.48132 2.2874 29511.846
2460900.8147338 0.9748446 0.03633905 1.48026 2.2351 29476.86
2460900.81488426 0.9753958 0.03617718 1.47918 2.1506 29481.092
2460900.81503472 1.0219847 0.03668106 1.47811 2.1262 29436.06
2460900.81518519 1.0008935 0.03659069 1.47703 2.3022 29497.967
2460900.81533565 1.0179126 0.03645914 1.47597 2.2029 29434.557
2460900.81547454 1.011759 0.0362185 1.47491 2.2626 29397.238
2460900.815625 1.03838 0.03659867 1.47385 2.1966 29397.197
2460900.81577546 0.98548186 0.03612295 1.4728 2.2319 29397.08
2460900.81592593 0.99852026 0.03610198 1.47174 2.2627 29366.023
2460900.81606482 1.0174127 0.03650918 1.4707 2.2313 29375.146
2460900.81621528 1.0182918 0.0361844 1.46965 2.2662 29384.096
2460900.81636574 1.0419357 0.03656842 1.46861 2.3352 29438.979
2460900.81650463 0.9795069 0.03582216 1.46757 2.2536 29383.627
2460900.81665509 1.0271637 0.03645889 1.46654 2.2128 29405.326
2460900.81680556 0.98786896 0.03585874 1.46551 2.097 29413.965
2460900.81695602 1.0090643 0.03597417 1.46447 2.2414 29412.764
2460900.81709491 1.025616 0.03665892 1.46344 2.2897 29435.684
2460900.81724537 0.9808406 0.03593769 1.46242 2.3556 29380.582
2460900.81739583 1.0355477 0.03646243 1.46137 2.1988 29338.566
2460900.8175463 1.0217496 0.03610609 1.46035 2.2271 29338.299
2460900.81769676 0.9996292 0.03578005 1.45933 2.165 29346.2
2460900.81783565 0.9935999 0.03577812 1.45831 2.3313 29328.607
2460900.81798611 1.0061646 0.03598952 1.4573 2.2245 29256.531
2460900.81813657 0.995258 0.03541325 1.45629 2.1706 29244.568
2460900.81828704 0.9902862 0.03577245 1.45529 2.2228 29250.102
2460900.81842593 0.9854305 0.03571874 1.45428 2.3008 29206.363
2460900.81857639 0.9808346 0.03538029 1.45328 2.18 29201.693
2460900.81872685 0.96907735 0.0354751 1.45228 2.367 29183.45
2460900.81887731 0.9981829 0.0353975 1.45128 2.1794 29142.082
2460900.81902778 1.0185517 0.03593116 1.45029 2.247 29151.41
2460900.81916667 1.0065513 0.03557381 1.4493 2.2525 29148.832
2460900.81931713 0.9736007 0.03521158 1.44831 2.0035 29111.918
2460900.81946759 1.0067074 0.03540747 1.44733 2.0699 29128.549
2460900.81961806 0.93660724 0.0350627 1.44633 2.0509 29111.822
2460900.81976852 1.0244998 0.03537747 1.44535 2.1114 29100.992
2460900.81990741 0.967996 0.03515219 1.44437 2.105 29130.094
2460900.82005787 1.0028554 0.03542149 1.44339 2.2425 29124.342
2460900.82020833 1.0011873 0.03489955 1.44242 2.2325 29106.232
2460900.8203588 1.0228697 0.03540262 1.44145 2.3162 29126.307
2460900.82049769 0.9927984 0.03487949 1.44048 2.1276 29085.986
2460900.82064815 0.97460055 0.03495457 1.43952 2.2247 29111.098
2460900.82079861 0.97556967 0.03508932 1.43856 2.0517 29067.297
2460900.82094907 0.9776476 0.03490412 1.4376 2.1913 29069.693
2460900.82108796 1.0155698 0.03502033 1.43665 2.2331 29043.771
2460900.82123843 1.0188642 0.03505075 1.4357 2.3058 29089.49
2460900.82138889 1.005953 0.03514383 1.43475 2.1367 29084.816
2460900.82153935 0.985854 0.03483545 1.4338 2.2514 29075.734
2460900.82167824 1.0048286 0.03507106 1.43284 2.2543 29039.766
2460900.8218287 0.9801837 0.03440701 1.43189 2.244 29038.332
2460900.82197917 0.99135953 0.0346418 1.43095 2.1416 29067.52
2460900.82212963 1.0108267 0.0347517 1.43001 2.1504 29007.945
2460900.82228009 0.99078625 0.03462877 1.42907 2.2989 29056.625
2460900.82241898 0.9704665 0.03437877 1.42814 2.1409 29064.967
2460900.82256944 0.9911791 0.03476659 1.42721 2.1902 28968.436
2460900.82271991 0.9967588 0.03469019 1.42627 2.1927 28985.834
2460900.82287037 0.9690488 0.0346057 1.42535 2.0786 28990.258
2460900.82300926 0.94908595 0.03417085 1.42443 2.1635 29013.143
2460900.82315972 0.9904548 0.03455823 1.42351 2.2375 28969.717
2460900.82331019 1.0017886 0.03477543 1.42259 2.1839 29014.754
2460900.82346065 0.99931276 0.03461744 1.42168 2.2249 28923.816
2460900.82359954 0.9568816 0.03448437 1.42076 2.3919 28926.748
2460900.82375 1.0109048 0.03475752 1.41985 2.1959 28882.562
2460900.82390046 1.0029149 0.03456787 1.41895 2.1478 28927.518
2460900.82405093 1.0116987 0.03464837 1.41803 2.2081 28934.42
2460900.82420139 0.95798916 0.03398637 1.41712 2.3767 28934.887
2460900.82434028 0.9708587 0.03429173 1.41622 2.2356 28917.883
2460900.82449074 1.004696 0.03418132 1.41532 2.0739 28891.248
2460900.8246412 0.98898417 0.03415285 1.41443 2.3055 28840.672
2460900.82479167 1.0166887 0.03463368 1.41353 2.0903 28824.717
2460900.82493056 1.0176717 0.03469225 1.41265 2.3781 28855.703
2460900.82508102 1.0094658 0.03404405 1.41176 2.0962 28783.895
2460900.82523148 0.9479685 0.03408147 1.41087 2.2163 28810.496
2460900.82538194 0.96906626 0.03446985 1.40999 2.2575 28742.55
2460900.82552083 0.981867 0.0342076 1.40911 2.1406 28805.758
2460900.8256713 0.9830358 0.03394381 1.40823 2.2132 28752.066
2460900.82582176 0.99334294 0.03409309 1.40736 2.1502 28717.424
2460900.82597222 0.98963106 0.03407926 1.40648 2.2899 28762.441
2460900.82611111 0.95756227 0.03368301 1.40561 2.1236 28759.172
2460900.82626157 1.0299242 0.0344345 1.40473 2.1886 28767.836
2460900.82641204 0.9971376 0.03386875 1.40386 2.2155 28753.262
2460900.8265625 0.9949782 0.03399556 1.40299 2.3711 28727.58
2460900.82671296 1.0267265 0.03437953 1.40213 2.1906 28728.068
2460900.82685185 0.9902369 0.0340487 1.40128 2.1989 28736.13
2460900.82700231 0.991046 0.03410834 1.40041 2.2451 28710.928
2460900.82715278 1.0203658 0.03403888 1.39956 2.1783 28671.861
2460900.82730324 0.95901567 0.03357351 1.39871 2.2178 28737.03
2460900.82744213 0.9848405 0.03354807 1.39785 2.2037 28681.566
2460900.82759259 0.979727 0.03354675 1.39701 2.2432 28718.28
2460900.82774306 0.99967355 0.03374385 1.39617 2.1195 28692.902
2460900.82789352 0.99343246 0.03376506 1.39532 2.1928 28652.27
2460900.82803241 0.9729216 0.03320743 1.39448 2.1172 28650.002
2460900.82818287 0.9709166 0.03316375 1.39364 2.1782 28642.004
2460900.82833333 0.9968523 0.03383121 1.3928 2.1011 28634.238
2460900.8284838 0.9997867 0.03366214 1.39195 2.0586 28684.748
2460900.82863426 0.9634268 0.03324075 1.39112 2.1771 28651.904
2460900.82877315 0.9810337 0.03354931 1.39029 2.1723 28642.973
2460900.82892361 0.9749058 0.03323322 1.38946 2.3151 28566.777
2460900.82907407 0.9950594 0.03328833 1.38864 2.2214 28553.86
2460900.82922454 1.0428497 0.03393187 1.38782 2.2307 28555.08
2460900.82936343 0.98789215 0.03354252 1.387 2.3739 28543.406
2460900.82951389 0.9740237 0.03321254 1.38618 2.2538 28488.717
2460900.82966435 0.99375564 0.03331644 1.38537 2.2285 28486.03
2460900.82981481 1.0286682 0.03332441 1.38455 2.2349 28468.275
2460900.8299537 1.0255334 0.03338311 1.38373 2.2066 28449.492
2460900.83010417 0.9646835 0.03290042 1.38293 2.2008 28420.887
2460900.83025463 1.0292485 0.03345568 1.38212 2.2086 28425.164
2460900.83040509 0.94651794 0.03273365 1.38132 2.2625 28426.992
2460900.83054398 0.9848909 0.03280674 1.38051 2.2744 28421.219
2460900.83069444 0.9890414 0.03299272 1.3797 2.1981 28398.104
2460900.83084491 1.0461801 0.03340951 1.3789 2.2635 28407.809
2460900.83099537 0.9801178 0.03319899 1.3781 2.2805 28390.807
2460900.83114583 0.9847032 0.0329471 1.37731 2.1756 28336.463
2460900.83128472 0.9807228 0.03295003 1.37652 2.1932 28363.75
2460900.83143519 0.9487041 0.03275169 1.37573 2.3095 28356.39
2460900.83158565 1.0165282 0.03330035 1.37494 2.3432 28355.717
2460900.83173611 1.0047867 0.03291383 1.37416 2.2095 28295.717
2460900.831875 0.96980536 0.03268452 1.37338 2.224 28336.738
2460900.83202546 1.0291114 0.03331853 1.3726 2.365 28332.818
2460900.83217593 1.0058769 0.03314742 1.37182 2.1839 28315.463
2460900.83232639 0.99838704 0.0329548 1.37104 2.2251 28289.066
2460900.83246528 0.95680773 0.03275108 1.37027 2.2259 28295.287
2460900.83261574 0.97947365 0.03290475 1.3695 2.078 28295.502
2460900.8327662 0.94350016 0.0322732 1.36873 2.1411 28252.299
2460900.83291667 1.0190457 0.03285069 1.36795 2.1497 28248.94
2460900.83306713 0.974234 0.0324995 1.36718 2.1983 28245.63
2460900.83320602 0.9779368 0.03235849 1.36642 2.2325 28221.531
2460900.83335648 0.97541064 0.03241499 1.36566 2.2143 28217.969
2460900.83350694 1.0501369 0.03303906 1.3649 2.263 28115.193
2460900.83365741 0.96727073 0.03223024 1.36414 2.1738 28119.885
2460900.8337963 0.9908606 0.03280001 1.36338 2.2698 28150.1
2460900.83394676 0.99906343 0.03252956 1.36263 2.1721 28151.684
2460900.83409722 0.9753639 0.03236525 1.36188 2.3015 28218.217
2460900.83424769 0.9863075 0.0322054 1.36113 2.2176 28158.564
2460900.83438657 1.0035168 0.03251264 1.36038 2.197 28141.758
2460900.83453704 0.9879719 0.03213371 1.35964 2.0685 28062.938
2460900.8346875 0.9712346 0.03254309 1.35889 2.22 28054.318
2460900.83483796 0.97573686 0.03230523 1.35815 2.2903 28135.535
2460900.83497685 1.0199438 0.03271613 1.35741 2.1646 28134.236
2460900.83512732 0.9780666 0.03236021 1.35667 2.278 28080.676
2460900.83527778 1.0285509 0.0326394 1.35593 2.4378 28059.045
2460900.83542824 0.96214926 0.03197494 1.3552 2.1823 28045.312
2460900.8355787 1.041653 0.03257483 1.35447 2.2316 28012.768
2460900.83571759 0.99947387 0.03214964 1.35374 2.2363 28034.578
2460900.83586806 1.0414202 0.03270632 1.35302 2.2635 28084.46
2460900.83601852 0.9836416 0.03211045 1.3523 2.1418 28005.457
2460900.83616898 0.9695016 0.03202575 1.35158 2.08 28005.549
2460900.83630787 1.0279934 0.03260556 1.35086 2.3884 27958.842
2460900.83645833 0.9950987 0.03217806 1.35014 2.1608 27959.35
2460900.8366088 1.0266793 0.03224303 1.34942 2.1767 27966.318
2460900.83675926 0.9866597 0.03218844 1.3487 2.2877 27997.51
2460900.83689815 1.0063783 0.03230249 1.34799 2.1387 28000.844
2460900.83704861 0.99697804 0.0322446 1.34728 2.1507 28008.514
2460900.83719907 0.9750696 0.03180297 1.34658 2.2287 27975.809
2460900.83734954 0.99724317 0.03201383 1.34586 2.1405 27944.771
2460900.83748843 0.9876533 0.03183281 1.34516 2.2339 27958.924
2460900.83763889 0.99708635 0.03193929 1.34446 2.1963 27915.05
2460900.83778935 1.0031569 0.03211771 1.34375 1.9704 27915.014
2460900.83793981 1.0051765 0.03221589 1.34306 2.2913 27911.967
2460900.8380787 0.9533526 0.03154425 1.34237 2.2222 27878.053
2460900.83822917 0.9992976 0.0319736 1.34167 2.3556 27883.863
2460900.83837963 0.98979235 0.03184033 1.34098 2.2011 27858.691
2460900.83853009 0.99987155 0.03181302 1.34029 2.076 27792.865
2460900.83866898 0.9913385 0.03198998 1.3396 2.224 27799.508
2460900.83881944 0.9786707 0.03171884 1.33892 2.213 27823.5
2460900.83896991 0.97694325 0.03160156 1.33823 2.289 27821.633
2460900.83912037 1.0316842 0.03189461 1.33755 2.1489 27840.24
2460900.83925926 1.0012944 0.03169654 1.33686 2.1954 27750.326
2460900.83940972 0.9933741 0.03181873 1.33619 2.1814 27771.998
2460900.83956019 1.013052 0.03196808 1.3355 2.0031 27734.682
2460900.83971065 1.0304298 0.0320494 1.33482 2.1682 27726.896
2460900.83986111 0.99438834 0.03159245 1.33415 2.0938 27734.98
2460900.84 0.97589564 0.03139156 1.33348 2.2857 27761.24
2460900.84015046 0.9428602 0.03136176 1.33281 2.1924 27762.068
2460900.84030093 1.0056415 0.03173588 1.33214 2.3176 27723.662
2460900.84045139 0.98336166 0.03138775 1.33147 2.2437 27719.96
2460900.84059028 1.0065708 0.03186023 1.33081 2.1397 27699.523
2460900.84074074 0.9926946 0.03152983 1.33015 2.2054 27745.277
2460900.8408912 0.98410386 0.03149962 1.32949 2.1655 27753.432
2460900.84104167 0.9750696 0.03130855 1.32883 2.1404 27696.559
2460900.84119213 0.9772339 0.0315939 1.32817 2.2488 27697.898
2460900.84133102 0.99165267 0.03141917 1.32752 2.2832 27744.82
2460900.84148148 0.9929411 0.03137027 1.32687 2.0811 27662.25
2460900.84163194 0.9918937 0.03154825 1.32622 2.2391 27651.824
2460900.84178241 0.9798135 0.03121494 1.32556 2.1512 27615.69
2460900.8419213 0.9859267 0.03115606 1.32492 2.0927 27621.326
2460900.84207176 0.96649134 0.03118752 1.32427 2.1871 27647.89
2460900.84222222 1.0084599 0.03148 1.32363 2.0678 27619.178
2460900.84237269 1.0099306 0.03151598 1.32298 2.2443 27654.734
2460900.84251157 1.0249269 0.03171798 1.32235 2.1971 27661.096
2460900.84266204 0.9785329 0.03125647 1.32171 2.0571 27619.877
2460900.8428125 1.003385 0.03141808 1.32108 2.242 27629.514
2460900.84296296 0.9902357 0.03127551 1.32044 2.0181 27607.285
2460900.84310185 1.0114511 0.03143945 1.31981 2.214 27623.291
2460900.84325231 1.012396 0.03134493 1.31918 2.1099 27651.305
2460900.84340278 0.96776944 0.03094268 1.31855 2.235 27595.527
2460900.84355324 0.973663 0.03073234 1.31793 2.1893 27615.07
2460900.84369213 1.0108409 0.03156266 1.3173 2.2882 27637.76
2460900.84384259 0.9980228 0.03124836 1.31668 2.168 27580.467
2460900.84399306 0.99796754 0.03120871 1.31605 2.2161 27568.498
2460900.84414352 0.9977687 0.03116365 1.31543 2.1775 27584.77
2460900.84429398 0.9849546 0.03138655 1.31481 2.0488 27594.006
2460900.84443287 0.9602258 0.03073728 1.3142 2.2562 27595.695
2460900.84458333 0.9857142 0.03096463 1.31358 2.1447 27610.762
2460900.8447338 0.99443775 0.03087626 1.31297 2.1638 27598.92
2460900.84488426 1.0118934 0.03138221 1.31236 2.2841 27559.328
2460900.84502315 1.0238203 0.03132362 1.31175 2.1623 27608.146
2460900.84517361 1.0026646 0.03117637 1.31115 2.1334 27641.336
2460900.84532407 0.9864696 0.03103225 1.31054 2.1027 27610.488
2460900.84546296 0.99951977 0.03103901 1.30994 2.0889 27633.938
2460900.84561343 0.9552791 0.03075012 1.30934 2.2195 27623.627
2460900.84576389 0.99014926 0.03130712 1.30874 2.4141 27613.967
2460900.84591435 0.9705602 0.03103015 1.30814 2.2267 27588.732
2460900.84605324 0.95017034 0.03071309 1.30754 2.3133 27544.137
2460900.8462037 0.98123693 0.03089494 1.30694 2.1807 27552.764
2460900.84635417 0.9787761 0.03089548 1.30635 2.2524 27555.615
2460900.84650463 0.9957634 0.03100872 1.30576 2.2468 27488.14
2460900.84665509 0.9988252 0.03115141 1.30517 2.1466 27551.434
2460900.84679398 0.9985215 0.03090329 1.30458 2.2305 27532.502
2460900.84694444 1.0100448 0.031061 1.304 2.2685 27511.658
2460900.84709491 0.9941815 0.03093171 1.30342 2.2246 27428.436
2460900.84724537 0.9691508 0.03067314 1.30283 2.1464 27419.904
2460900.84738426 1.0151383 0.0309631 1.30225 2.0385 27377.664
2460900.84753472 1.0212564 0.03078777 1.30167 2.2157 27378.498
2460900.84768519 1.0454444 0.03099546 1.3011 2.0195 27392.072
2460900.84783565 0.9977525 0.03071723 1.30052 2.1104 27455.43
2460900.84797454 1.0026712 0.03053 1.29995 2.1583 27403.062
2460900.848125 0.99428463 0.03066625 1.29937 2.2304 27348.322
2460900.84827546 1.0090266 0.0305567 1.2988 2.0883 27281.445
2460900.84842593 0.97259563 0.03030383 1.29822 2.1407 27259.232
2460900.84857639 1.015367 0.03056296 1.29766 2.3153 27227.191
2460900.84871528 1.0008956 0.03084141 1.29709 2.3003 27158.607
2460900.84886574 0.955683 0.03027771 1.29653 2.0794 27179.78
2460900.8490162 0.9903639 0.03045696 1.29597 2.0311 27252.393
2460900.84916667 1.0012041 0.03043257 1.29541 2.18 27209.299
2460900.84930556 0.98241985 0.03051094 1.29485 2.1581 27208.943
2460900.84945602 1.0083172 0.03039583 1.29429 2.2107 27129.377
2460900.84960648 0.98975164 0.03063397 1.29373 2.1081 27154.617
2460900.84975694 0.9611283 0.03038972 1.29318 2.1528 27117.604
2460900.84989583 0.990936 0.03031397 1.29263 2.188 27096.75
2460900.8500463 1.002656 0.03045886 1.29208 2.1417 27079.637
2460900.85019676 0.9869287 0.03006513 1.29153 2.2412 27027.277
2460900.85034722 0.97532994 0.0302985 1.29099 2.2613 27014.367
2460900.85048611 0.99472517 0.03038242 1.29044 2.1616 26984.266
2460900.85063657 0.97800744 0.03020607 1.28989 2.1484 26979.547
2460900.85078704 1.0032588 0.03015351 1.28935 2.2315 27020.367
2460900.8509375 1.0051397 0.03030886 1.2888 2.1071 26966.178
2460900.85108796 1.0047579 0.03026517 1.28827 2.1013 26949.97
2460900.85123843 0.98065645 0.03019938 1.28773 2.2262 26918.861
2460900.85137731 1.008857 0.03021474 1.2872 2.0979 26920.123
2460900.85152778 0.9637576 0.03001963 1.28666 2.0672 26931.621
2460900.85167824 1.012124 0.03032797 1.28613 2.3075 26867.2
2460900.85181713 1.0264941 0.0302014 1.2856 2.1205 26856.443
2460900.85196759 0.9803558 0.02989405 1.28507 2.1158 26816.049
2460900.85211806 0.99913096 0.03005444 1.28455 2.0994 26803.963
2460900.85226852 0.989561 0.02991051 1.28402 2.1216 26819.521
2460900.85240741 1.004875 0.03012073 1.2835 2.1906 26803.307
2460900.85255787 1.0068039 0.03025032 1.28298 2.1241 26809.154
2460900.85270833 1.0232339 0.02996014 1.28246 2.1075 26815.227
2460900.8528588 0.9656291 0.02999648 1.28193 2.2299 26863.766
2460900.85300926 1.0252827 0.03014856 1.28141 2.2263 26804.062
2460900.85314815 1.0102655 0.03022363 1.2809 2.0981 26787.05
2460900.85329861 1.0173134 0.03018971 1.28038 2.0903 26755.22
2460900.85344907 0.9643855 0.03003891 1.27987 2.2227 26778.197
2460900.85359954 0.975437 0.02994025 1.27936 2.1208 26740.633
2460900.85375 1.0078113 0.02986313 1.27885 2.0142 26803.549
2460900.85388889 0.98594946 0.02988407 1.27834 2.0838 26732.488
2460900.85403935 1.0187106 0.02997566 1.27783 2.1932 26764.754
2460900.85418981 0.995181 0.02990753 1.27733 2.1029 26721.498
2460900.85434028 1.0055691 0.02976761 1.27682 2.1683 26625.709
2460900.85447917 1.0226079 0.02988913 1.27632 2.1337 26678.8
2460900.85462963 0.9862391 0.02981779 1.27582 2.0727 26662.836
2460900.85478009 0.97174615 0.02956957 1.27532 2.0284 26678.518
2460900.85493056 1.0038884 0.02960639 1.27482 2.0213 26662.916
2460900.85508102 1.0394982 0.03000973 1.27432 2.1555 26604.428
2460900.85521991 1.0146718 0.02978296 1.27383 2.1281 26595.486
2460900.85537037 1.0305759 0.02976293 1.27334 2.0428 26628.03
2460900.85552083 0.994563 0.02946491 1.27284 2.2363 26615.393
2460900.8556713 0.9940867 0.02968266 1.27235 2.1289 26574.512
2460900.85581018 1.0388838 0.02995354 1.27186 2.072 26575.486
2460900.85596065 1.0047113 0.02957729 1.27138 2.1086 26574.1
2460900.85611111 0.98461455 0.02941973 1.2709 2.1111 26625.707
2460900.85626157 0.97227585 0.02948689 1.27041 2.2152 26579.32
2460900.85641204 0.9870924 0.02965209 1.26993 2.1254 26606.576
2460900.85655093 0.9825061 0.02940456 1.26945 2.088 26625.762
2460900.85670139 1.0302562 0.0294334 1.26897 2.0748 26536.75
2460900.85685185 0.9837573 0.02944741 1.26849 2.1895 26589.293
2460900.85700231 0.97586817 0.02944414 1.26802 2.0482 26544.617
2460900.8571412 1.0247115 0.0295463 1.26754 2.0918 26529.254
2460900.85729167 0.97029185 0.02916188 1.26707 2.1293 26565.512
2460900.85744213 1.0127784 0.0297544 1.2666 2.1076 26553.945
2460900.85759259 1.0439827 0.02984196 1.26613 2.0607 26584.678
2460900.85774306 1.0256677 0.02975341 1.26566 2.1541 26598.932
2460900.85788194 0.99265105 0.02949722 1.26519 2.1674 26587.654
2460900.85803241 0.987631 0.02927514 1.26473 2.2463 26531.666
2460900.85818287 1.024343 0.0298141 1.26426 2.1338 26575.477
2460900.85833333 0.99139845 0.02947343 1.2638 2.1608 26522.16
2460900.85847222 1.037372 0.02983413 1.26334 2.0249 26576.154
2460900.85862269 0.99023837 0.02951518 1.26288 2.142 26598.678
2460900.85877315 1.0176152 0.02956385 1.26242 2.0152 26576.328
2460900.85892361 0.9989756 0.02929156 1.26196 2.111 26551.781
2460900.85909722 1.0269054 0.02968389 1.26143 2.0864 26519.988
2460900.85924769 0.9939571 0.02933869 1.26098 2.1433 26497.623
2460900.85938657 1.0102769 0.02957285 1.26053 2.0878 26568.414
2460900.85953704 1.0129565 0.02935073 1.26006 2.1407 26546.232
2460900.8596875 0.951204 0.02895468 1.25962 2.1805 26532.857
2460900.85983796 0.9767775 0.02936247 1.25917 2.1287 26515.426
2460900.85998843 0.9887929 0.02920483 1.25873 2.1224 26500.713
2460900.86012731 0.9841729 0.02933096 1.25828 2.2124 26509.346
2460900.86027778 0.9867801 0.029371 1.25784 2.1202 26497.537
2460900.86042824 1.0006282 0.02937864 1.2574 2.1273 26468.074
2460900.8605787 0.98759735 0.02920044 1.25696 2.0475 26442.928
2460900.86071759 0.9946295 0.02919447 1.25652 2.1612 26466.707
2460900.86086806 1.0064754 0.02914238 1.25609 2.1112 26428.443
2460900.86101852 0.9788064 0.02897351 1.25565 2.1581 26456.832
2460900.86116898 0.99627763 0.02937079 1.25522 2.1093 26416.0
2460900.86130787 1.0202867 0.02932361 1.25479 2.1157 26416.07
2460900.86145833 1.0164059 0.02940592 1.25436 2.1395 26384.28
2460900.8616088 1.0045002 0.02924917 1.25393 2.0636 26420.766
2460900.86175926 1.0056533 0.02912349 1.25349 2.1071 26400.744
2460900.86190972 0.9918461 0.02904064 1.25307 2.0571 26427.059
2460900.86204861 1.0305243 0.02914514 1.25264 2.1264 26444.21
2460900.86219907 1.0023735 0.02934795 1.25222 2.1346 26418.084
2460900.86234954 0.9581926 0.02897384 1.2518 2.1878 26405.055
2460900.8625 1.0134975 0.02915164 1.25138 2.2789 26405.758
2460900.86263889 1.0262275 0.02927968 1.25096 2.0501 26421.527
2460900.86278935 0.9898591 0.02900737 1.25054 2.2124 26439.803
2460900.86293982 1.0101904 0.02917958 1.25013 2.179 26435.36
2460900.86309028 0.9807579 0.02886606 1.24971 2.0994 26433.74
2460900.86322917 1.0380248 0.02938042 1.2493 2.1097 26445.412
2460900.86337963 1.0170372 0.02927095 1.24889 2.1851 26408.176
2460900.86353009 0.98674405 0.0288149 1.24848 2.0385 26396.598
2460900.86368056 0.9840361 0.02912581 1.24807 2.0191 26386.818
2460900.86383102 1.0099518 0.02903238 1.24766 2.2152 26369.482
2460900.86398148 1.0002918 0.0290893 1.24724 2.0886 26345.967
2460900.86412037 0.9844867 0.02900383 1.24684 2.0865 26344.562
2460900.86427083 0.99551076 0.0290014 1.24643 2.1998 26358.94
2460900.8644213 1.0069234 0.02890439 1.24603 2.0882 26325.275
2460900.86457176 1.0486871 0.02939324 1.24563 2.13 26392.424
2460900.86471065 0.9987961 0.02904142 1.24523 2.0772 26341.975
2460900.86486111 0.9467779 0.02778426 1.24484 1.9049 26491.186
2460900.86501157 1.0183278 0.02909381 1.24444 2.1405 26316.879
2460900.86516204 0.9964563 0.02873017 1.24405 2.0546 26283.125
2460900.86530093 0.98350656 0.02894217 1.24365 2.1291 26285.861
2460900.86545139 0.9797567 0.02871356 1.24326 2.1154 26256.738
2460900.86560185 1.0152522 0.02895597 1.24287 2.3003 26250.44
2460900.86575231 0.95671874 0.02877066 1.24248 2.1279 26275.998
2460900.86590278 1.0176332 0.0289984 1.24209 2.1564 26292.59
2460900.86604167 0.95081717 0.02853441 1.2417 2.1786 26261.582
2460900.86619213 0.9879858 0.02895161 1.24131 2.0986 26251.934
2460900.86634259 0.9925318 0.02882421 1.24093 2.1612 26271.57
2460900.86649306 0.9831651 0.02857209 1.24055 2.0564 26286.014
2460900.86664352 1.0199695 0.02888652 1.24017 2.2525 26236.088
2460900.86678241 0.965923 0.02882374 1.23979 2.1536 26283.902
2460900.86693287 0.9829247 0.02868044 1.2394 2.1103 26258.191
2460900.86708333 0.9757391 0.0286488 1.23903 2.1504 26276.926
2460900.8672338 0.99239546 0.02864504 1.23865 2.2674 26230.652
2460900.86738426 1.0162212 0.02896495 1.23828 2.1482 26256.322
2460900.86752315 0.9998978 0.028712 1.23791 2.0839 26218.873
2460900.86767361 0.9717635 0.02863489 1.23753 2.09 26242.928
2460900.86782407 0.9821177 0.0288042 1.23716 2.0413 26157.338
2460900.86797454 0.97826916 0.02855462 1.23679 2.1424 26143.588
2460900.86811343 1.0130872 0.0287481 1.23643 2.2539 26148.818
2460900.86826389 1.0249412 0.0292045 1.23606 2.1545 26126.033
2460900.86841435 1.0299749 0.0289032 1.23569 2.1007 26115.584
2460900.86856481 0.98774254 0.02875851 1.23532 2.0905 26084.295
2460900.86871528 0.9638284 0.02874454 1.23496 2.3153 26088.594
2460900.86885417 1.027797 0.028656 1.2346 2.0211 26051.586
2460900.86900463 0.99014205 0.02845493 1.23424 2.0968 26011.477
2460900.86915509 0.97644055 0.02852957 1.23389 2.0703 26047.242
2460900.86930556 1.0074213 0.02872693 1.23353 2.2315 26005.246
2460900.86945602 1.002421 0.02837178 1.23317 2.0948 26021.547
2460900.86959491 0.98964155 0.02874984 1.23282 2.1454 26053.428
2460900.86974537 1.0135499 0.02869655 1.23247 2.0612 26072.033
2460900.86989583 0.99255013 0.02862969 1.23211 2.1012 26062.035
2460900.8700463 0.9914522 0.02848779 1.23176 2.0963 26085.943
2460900.87018519 1.0227933 0.02869643 1.23141 2.0657 26087.635
2460900.87033565 1.0107998 0.02845269 1.23107 2.1863 26092.273
2460900.87048611 0.9465822 0.02826146 1.23072 2.1686 26068.879
2460900.87063657 1.0305051 0.02856114 1.23037 2.2161 26039.816
2460900.87078704 0.9677687 0.02830901 1.23003 2.0805 26102.932
2460900.8709375 1.0116193 0.02856745 1.22968 2.0541 26075.94
2460900.87107639 1.0054262 0.0286565 1.22934 2.0434 26027.969
2460900.87122685 1.0051261 0.02872897 1.229 2.0745 26049.82
2460900.87137731 1.0320394 0.02871795 1.22866 2.1178 25961.275
2460900.87152778 0.9534052 0.0277994 1.22833 2.1064 26001.545
2460900.87166667 1.0062793 0.02845377 1.22799 2.1566 25936.941
2460900.87181713 1.0001838 0.02833579 1.22766 2.1431 25961.281
2460900.87196759 0.97340804 0.02811525 1.22733 2.2005 25940.066
2460900.87211806 1.0369265 0.02865689 1.227 2.2994 25922.082
2460900.87225694 1.0097103 0.02852612 1.22666 2.1229 25897.541
2460900.87240741 1.0193005 0.02842744 1.22633 2.2118 25926.783
2460900.87255787 0.97654426 0.02806381 1.22601 2.139 25893.988
2460900.87270833 1.0148355 0.02845941 1.22568 2.0563 25921.205
2460900.8728588 0.947319 0.02794391 1.22535 2.1944 25885.615
2460900.87299769 0.9976339 0.02837001 1.22503 2.2444 25931.217
2460900.87314815 1.003263 0.02820371 1.2247 2.0587 25912.43
2460900.87329861 1.0142341 0.02849742 1.22438 2.1263 25931.447
2460900.87344907 0.98274684 0.02800117 1.22406 2.1291 25951.326
2460900.87358796 1.02292 0.02854567 1.22374 2.0712 25980.58
2460900.87373843 0.9567866 0.02808959 1.22343 2.1122 25923.748
2460900.87388889 1.0041615 0.02828157 1.22311 2.2603 25978.0
2460900.87403935 0.9981837 0.02834188 1.2228 2.1712 25996.861
2460900.87417824 1.0151784 0.02845657 1.22249 2.2421 25960.414
2460900.8743287 0.96877223 0.02824075 1.22217 2.1578 25988.697
2460900.87447917 1.032252 0.02865737 1.22186 2.1103 25992.64
2460900.87462963 0.93828577 0.02799431 1.22155 2.224 26026.91
2460900.87478009 0.98525846 0.02835031 1.22124 2.171 26012.318
2460900.87491898 0.98422307 0.02811191 1.22094 2.0586 26021.21
2460900.87506944 0.9670732 0.028183 1.22063 2.1459 25976.016
2460900.87521991 1.0038358 0.02815513 1.22032 2.1247 25942.574
2460900.87537037 0.9695679 0.02811377 1.22002 2.2201 25976.557
2460900.87552083 0.97931534 0.02807317 1.21972 2.1655 26000.691
2460900.87565972 1.0098851 0.02826653 1.21942 2.2408 25960.203
2460900.87581018 1.0087353 0.02841991 1.21912 2.0711 25955.59
2460900.87596065 0.98833656 0.02807895 1.21882 2.2612 25968.898
2460900.87611111 1.0208098 0.02838408 1.21853 2.1436 25926.145
2460900.87625 1.0068178 0.02824525 1.21823 1.9896 25905.307
2460900.87640046 0.9814152 0.02822388 1.21794 2.2757 25908.299
2460900.87655093 0.9882112 0.02811297 1.21764 2.1177 25988.584
2460900.87670139 1.010598 0.0282946 1.21735 2.1499 25964.56
2460900.87684028 0.99080074 0.02829379 1.21706 2.2503 25936.9
2460900.87699074 1.0253947 0.02821838 1.21677 2.231 25942.012
2460900.8771412 0.9435328 0.0272086 1.21648 2.1588 25908.21
2460900.87729167 1.0436599 0.02868626 1.21619 2.1674 25922.062
2460900.87744213 1.015604 0.02853871 1.21591 2.0971 25897.824
2460900.87758102 1.0115771 0.02823725 1.21562 2.2449 25890.688
2460900.87773148 1.0008817 0.0283415 1.21534 2.1662 25894.629
2460900.87788194 0.99062115 0.02820025 1.21506 2.3015 25928.139
2460900.87803241 1.0211134 0.0284727 1.21478 2.0947 25961.379
2460900.8781713 0.96626776 0.02820949 1.2145 2.2264 25974.969
2460900.87832176 0.98392344 0.02814654 1.21422 2.2252 25945.12
2460900.87847222 0.9855675 0.02827053 1.21395 2.0535 25935.707
2460900.87862269 0.99819255 0.02808826 1.21367 2.1523 25962.57
2460900.87876157 1.0052938 0.02840589 1.21339 2.1017 25957.309
2460900.87891204 0.9873121 0.02827577 1.21312 2.1658 25989.217
2460900.8790625 1.0156399 0.02810302 1.21285 2.26 25990.223
2460900.87921296 0.9836377 0.0283698 1.21258 2.2132 26044.477
2460900.87935185 1.0017512 0.02835337 1.21231 2.1271 26009.367
2460900.87950231 1.0077935 0.02829426 1.21204 2.1264 26070.07
2460900.87965278 0.9699445 0.02823944 1.21177 2.0854 26097.715
2460900.87980324 1.013921 0.02841386 1.2115 2.1501 26104.613
2460900.8799537 0.97471404 0.02800184 1.21124 2.2428 26140.033
2460900.88010417 0.9902817 0.0281117 1.21098 2.0999 26102.906
2460900.88024306 1.0111365 0.02834438 1.21071 2.1328 26111.107
2460900.88039352 1.0057553 0.02818804 1.21045 2.1385 26161.781
2460900.88054398 0.9944235 0.02827729 1.2102 2.1675 26122.426
2460900.88069444 1.0273315 0.02828652 1.20994 2.0861 26102.521
2460900.88083333 0.9995244 0.02815764 1.20968 2.2671 26108.393
2460900.8809838 0.9936982 0.02823711 1.20943 2.1958 26117.717
2460900.88113426 1.0331656 0.02844002 1.20917 2.1607 26029.57
2460900.88128472 1.0334622 0.02847013 1.20892 2.1674 26080.158
2460900.88143519 0.9815218 0.02811832 1.20867 2.0711 26093.865
2460900.88157407 0.93014693 0.02774688 1.20841 2.1473 26053.375
2460900.88172454 1.0355012 0.02839554 1.20816 2.0154 26045.61
2460900.881875 0.96959907 0.02803542 1.20791 2.1954 26007.836
2460900.88202546 1.0019931 0.02826509 1.20767 2.0796 26028.39
2460900.88217593 1.016083 0.02818605 1.20742 2.0885 25993.654
2460900.88231481 0.965723 0.02775521 1.20718 2.1157 26029.422
2460900.88246528 0.9885935 0.02792835 1.20693 2.0919 25982.807
2460900.88261574 1.0179055 0.02820062 1.20669 2.1482 25995.322
2460900.8827662 1.0121348 0.02811033 1.20645 2.1237 25929.354
2460900.88291667 1.0251962 0.02828809 1.20621 2.0995 25987.61
2460900.88305556 1.020498 0.02850291 1.20597 2.1573 26033.66
2460900.88320602 0.9915872 0.02838374 1.20574 2.1937 26033.855
2460900.88335648 1.0031323 0.02825693 1.2055 2.2319 26040.053
2460900.88350694 0.9836006 0.02810499 1.20527 2.0862 26004.734
2460900.88364583 1.0148246 0.0281463 1.20503 2.2143 26032.424
2460900.8837963 0.9700021 0.02801022 1.2048 2.2298 26071.531
2460900.88394676 0.982758 0.0280197 1.20456 2.0915 26064.963
2460900.88409722 0.9924866 0.02800325 1.20433 2.2482 26071.793
2460900.88424769 0.9904528 0.02793902 1.2041 2.08 26054.105
2460900.88438657 0.9693425 0.0276341 1.20387 2.1873 26038.355
2460900.88453704 1.0106928 0.02803341 1.20365 2.1479 26055.326
2460900.8846875 0.9362234 0.02769437 1.20342 2.1663 26073.701
2460900.88483796 1.0034403 0.02806511 1.2032 2.1352 26047.844
2460900.88497685 0.9774005 0.02787688 1.20297 2.2931 26063.568
2460900.88512731 0.9952408 0.02789794 1.20275 2.0221 26061.195
2460900.88527778 0.9548724 0.02761489 1.20253 2.0898 26060.0
2460900.88542824 0.98958147 0.02815944 1.20232 2.2504 26028.418
2460900.88556713 0.9945138 0.02800746 1.2021 2.1161 26044.152
2460900.88571759 0.99422896 0.02792622 1.20188 2.1682 26023.52
2460900.88586806 1.0026785 0.02803995 1.20167 2.2165 26040.541
2460900.88601852 1.0062126 0.0281796 1.20145 2.197 25981.2
2460900.88616898 0.98226625 0.02783477 1.20123 2.1539 26014.713
2460900.88630787 1.0089517 0.02786309 1.20102 2.1527 26013.408
2460900.88645833 1.0128871 0.0281068 1.20081 2.0585 25998.014
2460900.8866088 1.0311518 0.02815828 1.2006 2.1549 25997.135
2460900.88675926 1.0230068 0.02827053 1.20039 2.2357 26013.557
2460900.88689815 0.9630624 0.02781406 1.20018 2.1651 25951.68
2460900.88704861 1.0204571 0.0280342 1.19997 2.2032 25949.67
2460900.88719907 1.0217711 0.02790873 1.19977 2.1333 25921.559
2460900.88734954 0.9826843 0.02781909 1.19957 2.1781 25943.408
2460900.88748843 0.9840125 0.02788999 1.19936 2.0858 25912.9
2460900.88763889 0.97558075 0.02783162 1.19916 2.1466 25860.648
2460900.88778935 1.0392329 0.02825095 1.19896 2.1071 25887.236
2460900.88793981 0.9485986 0.02760535 1.19876 2.2073 25921.115
2460900.8880787 1.0041049 0.02806191 1.19857 2.1614 25921.459
2460900.88822917 1.0021843 0.02784309 1.19837 2.1212 25907.383
2460900.88837963 1.012529 0.02786779 1.19817 2.1991 25894.715
2460900.88853009 1.0260161 0.02798796 1.19797 2.1939 25847.781
2460900.88868056 1.0459741 0.0281155 1.19778 2.0987 25874.29
2460900.88881944 0.9669506 0.02769223 1.19759 2.1514 25898.15
2460900.88896991 1.012148 0.02787487 1.19739 2.2341 25924.44
2460900.88912037 0.978658 0.0275742 1.1972 2.1513 25926.133
2460900.88927083 1.0638834 0.02834166 1.19702 2.1433 25926.832
2460900.8894213 1.005727 0.02781686 1.19683 2.2907 25953.336
2460900.88956019 0.97750586 0.02775169 1.19664 2.2397 25959.994
2460900.88971065 1.0168006 0.02794446 1.19646 2.0474 25980.781
2460900.88986111 0.98755443 0.02788596 1.19627 2.2826 25976.582
2460900.89001157 1.0157374 0.02797503 1.19609 2.2262 26018.395
2460900.89015046 1.042285 0.02803678 1.19591 2.0977 25971.61
2460900.89030093 0.9744543 0.02765206 1.19573 2.2682 25951.938
2460900.89045139 0.99625415 0.0278435 1.19555 2.1993 25967.916
2460900.89060185 0.9719572 0.02765241 1.19536 2.1455 25980.771
2460900.89075231 1.0117742 0.02801334 1.19519 2.098 25940.07
2460900.8908912 0.97032666 0.02781511 1.19501 2.1549 25918.463
2460900.89104167 1.0041968 0.02782828 1.19484 2.311 25912.393
2460900.89119213 1.0256593 0.02797381 1.19467 2.2267 25878.303
2460900.89134259 0.9918266 0.02791278 1.19449 2.178 25890.092
2460900.89149306 1.0209756 0.02810946 1.19432 2.2709 25875.736
2460900.89163194 0.9903149 0.02769562 1.19415 2.0598 25891.543
2460900.89178241 0.9949166 0.02791297 1.19398 2.2526 25897.098
2460900.89193287 0.98445594 0.02780528 1.19381 2.3097 25909.861
2460900.89208333 1.0048478 0.02790535 1.19364 2.2336 25949.137
2460900.89222222 1.0062046 0.02793168 1.19348 2.1355 25915.562
2460900.89237269 0.9768804 0.02776421 1.19331 2.2099 25936.945
2460900.89252315 0.99959 0.02775863 1.19315 2.1329 25932.838
2460900.89267361 1.018259 0.0279542 1.19299 2.2399 25932.66
2460900.89282407 0.9890916 0.02759368 1.19282 2.0808 25962.92
2460900.89296296 1.0154465 0.0277703 1.19266 2.2067 25932.852
2460900.89311343 0.99864113 0.02757091 1.1925 2.1351 25942.316
2460900.89326389 0.98076457 0.02755826 1.19235 2.0607 25993.268
2460900.89341435 0.99962825 0.02784607 1.19219 2.2507 26013.662
2460900.89356481 0.99856895 0.02784936 1.19203 2.1631 26048.754
2460900.8937037 0.9725662 0.0275492 1.19188 2.0906 26020.693
2460900.89385417 1.0128318 0.02801466 1.19172 2.1385 26046.27
2460900.89400463 0.98199785 0.02792145 1.19157 2.1241 26053.723
2460900.89415509 0.9670448 0.02766156 1.19142 2.2092 26095.096
2460900.89429398 1.0019233 0.02782351 1.19127 2.1573 26113.406
2460900.89444444 1.0127012 0.02809477 1.19112 2.1027 26112.324
2460900.89459491 0.98788494 0.02788063 1.19097 2.1151 26145.918
2460900.89474537 0.99794763 0.02799445 1.19083 2.2521 26127.688
2460900.89489583 0.97427285 0.02784659 1.19069 2.1324 26187.406
2460900.8950463 0.9938071 0.0280332 1.19054 2.124 26211.271
2460900.89518519 1.0018866 0.02801106 1.1904 2.2501 26205.346
2460900.89533565 1.0060829 0.02784048 1.19026 2.1148 26204.652
2460900.89548611 0.98887396 0.0278252 1.19011 2.2721 26191.918
2460900.89563657 1.026718 0.02790602 1.18998 2.1123 26167.424
2460900.89577546 0.989063 0.02779024 1.18984 2.1318 26128.611
2460900.89592593 1.007677 0.02781574 1.1897 2.1609 26106.576
2460900.89607639 0.93177325 0.02719916 1.18956 2.1874 26147.67
2460900.89622685 1.0126995 0.02792042 1.18943 2.1864 26129.256
2460900.89636574 0.99043757 0.02746553 1.1893 2.1313 26087.088
2460900.8965162 1.0028634 0.0277797 1.18916 2.1222 26066.688
2460900.89666667 1.0053233 0.02783333 1.18903 2.114 26024.023
2460900.89681713 1.0168675 0.02797179 1.1889 2.1425 26038.506
2460900.89695602 0.93091094 0.02754232 1.18877 2.2709 26071.234
2460900.89710648 0.9940801 0.02823699 1.18864 2.3777 26031.309
2460900.89725694 1.0085421 0.02791303 1.18851 2.2354 26035.553
2460900.89740741 1.0134534 0.02767196 1.18839 2.0801 26046.746
2460900.89755787 0.97235596 0.02781245 1.18826 2.156 26074.46
2460900.89769676 0.99861073 0.02798737 1.18814 2.2556 26106.824
2460900.89784722 0.9778295 0.02801658 1.18801 2.1947 26105.578
2460900.89799768 0.98901004 0.02765688 1.1879 2.2596 26070.107
2460900.89814815 0.98706484 0.02801514 1.18778 2.1903 26154.121
2460900.89828704 1.0043842 0.02793591 1.18766 2.1519 26112.059
2460900.8984375 0.98980165 0.02762857 1.18754 2.1073 26079.883
2460900.89858796 0.99096704 0.02804676 1.18742 2.2716 26117.438
2460900.89873843 1.0320036 0.02783397 1.18731 2.3072 26124.635
2460900.89888889 1.0254498 0.02798397 1.18719 2.3687 26139.664
2460900.89902778 1.029332 0.0278899 1.18708 2.143 26165.484
2460900.89917824 1.0239546 0.02826916 1.18697 2.1769 26125.43
2460900.8993287 0.97262836 0.02779572 1.18686 2.1688 26124.027
2460900.89947917 0.98615944 0.02776266 1.18674 2.0642 26138.12
2460900.89962963 0.9857646 0.02781742 1.18663 2.0086 26162.973
2460900.89976852 1.0308329 0.0279 1.18652 2.2015 26130.297
2460900.89991898 1.0067126 0.02812738 1.18642 2.0661 26200.75
2460900.90006944 0.98576045 0.02766555 1.18631 2.183 26163.139
2460900.90021991 0.9962455 0.02777555 1.18621 2.1784 26166.44
2460900.90037037 1.0285981 0.02795184 1.1861 2.0933 26147.42
2460900.90050926 0.9946105 0.02767852 1.186 2.18 26163.375
2460900.90065972 1.0164267 0.02799895 1.1859 2.1376 26163.434
2460900.90081019 1.0057116 0.02801139 1.1858 2.1878 26195.752
2460900.90096065 0.9767327 0.02765104 1.1857 2.1722 26213.723
2460900.90109954 1.0348 0.02790281 1.1856 2.0749 26178.701
2460900.90125 0.9979846 0.02801118 1.1855 2.1356 26171.027
2460900.90140046 0.9808248 0.02767797 1.1854 2.1622 26170.605
2460900.90155093 0.9893072 0.02781994 1.18531 2.1476 26157.201
2460900.90170139 0.9639527 0.02782747 1.18522 2.2849 26157.232
2460900.90184028 0.9867351 0.02785271 1.18512 2.1514 26120.05
2460900.90199074 1.0410805 0.0279252 1.18503 2.0673 26147.576
2460900.9021412 0.9944415 0.02782044 1.18494 2.1499 26125.332
2460900.90229167 1.0147178 0.02768422 1.18485 2.1324 26152.137
2460900.90243056 0.988837 0.02784167 1.18476 2.1835 26144.818
2460900.90258102 0.97651243 0.02797376 1.18468 2.2516 26126.262
2460900.90273148 1.0254772 0.02792341 1.18459 2.2137 26142.064
2460900.90288194 0.95214623 0.02740534 1.18451 2.2537 26110.031
2460900.90302083 1.0026759 0.0278782 1.18442 2.1733 26107.666
2460900.9031713 1.0052345 0.02787848 1.18434 2.2742 26118.26
2460900.90332176 1.0328782 0.02790741 1.18426 2.1331 26155.533
2460900.90347222 0.97915936 0.02786803 1.18418 2.1553 26138.21
2460900.90362269 0.97722065 0.02774208 1.1841 2.1718 26137.932
2460900.90376157 0.9832293 0.02763891 1.18402 2.1468 26158.338
2460900.90391204 0.98511064 0.02752493 1.18394 2.1763 26109.58
2460900.9040625 0.99113107 0.02786865 1.18387 2.0962 26155.852
2460900.90421296 1.0233067 0.02814032 1.18379 2.282 26146.508
2460900.90436343 0.99639094 0.02796337 1.18372 2.2233 26190.781
2460900.90450231 1.0167626 0.02818694 1.18365 2.2188 26149.275
2460900.90465278 1.0127248 0.02798586 1.18358 2.1393 26171.016
2460900.90480324 1.0090413 0.02791301 1.18351 2.1484 26147.582
2460900.9049537 0.98941785 0.02780638 1.18344 2.2271 26198.928
2460900.90510417 0.96409374 0.02763097 1.18337 2.1085 26180.197
2460900.90524306 0.9442294 0.02761144 1.1833 2.274 26145.383
2460900.90539352 0.9939365 0.02795932 1.18323 2.1416 26146.16
2460900.90554398 0.998239 0.02781991 1.18317 2.1048 26145.764
2460900.90569444 1.0010642 0.02805546 1.1831 2.2466 26167.21
2460900.90583333 0.97345704 0.02751988 1.18304 2.1454 26199.457
2460900.9059838 1.0 0.02778408 1.18298 2.0316 26170.514
2460900.90613426 1.0162038 0.02783605 1.18292 2.1501 26235.453
2460900.90628472 0.98139477 0.02760483 1.18286 2.1044 26189.941
2460900.90643519 1.0411377 0.02800759 1.1828 2.1673 26197.078
2460900.90658565 0.9643154 0.02765328 1.18274 2.1241 26247.84
2460900.90672454 1.0032789 0.02783833 1.18268 2.168 26225.86
2460900.906875 1.0297958 0.0281261 1.18263 2.1631 26203.406
2460900.90702546 1.0121852 0.02792087 1.18257 2.2016 26261.514
2460900.90717593 1.0176989 0.02762491 1.18252 2.1412 26275.684
2460900.90731481 0.9767805 0.02774703 1.18247 2.2526 26312.207
2460900.90746528 0.99079746 0.0276986 1.18242 2.2612 26278.398
2460900.90761574 0.95281106 0.02740243 1.18237 2.2463 26265.654
2460900.9077662 1.0014644 0.0279716 1.18232 2.1055 26271.938
2460900.90791667 0.9988076 0.027964 1.18227 2.1219 26282.248
2460900.90805556 1.0330824 0.02787887 1.18222 2.1705 26237.543
2460900.90820602 0.98886997 0.02794665 1.18218 2.2604 26247.484
2460900.90835648 0.99803233 0.02783075 1.18214 2.2817 26250.232
2460900.90850694 1.0068845 0.02826495 1.18209 2.2418 26212.27
2460900.90865741 0.9719864 0.02780999 1.18205 2.2345 26202.72
2460900.9087963 1.019393 0.02820886 1.18201 2.131 26262.852
2460900.90894676 0.9667541 0.02770622 1.18197 2.2766 26253.955
2460900.90909722 1.0002395 0.02811944 1.18193 2.2818 26294.174
2460900.90924769 1.0057597 0.02803148 1.18189 2.2877 26359.785
2460900.90938657 0.98348385 0.02795306 1.18186 2.3082 26392.59
2460900.90953704 0.98148936 0.02800552 1.18183 2.2129 26323.953
2460900.9096875 0.9903435 0.0281792 1.18179 2.1649 26375.037
2460900.90983796 0.9939185 0.02805914 1.18176 2.1507 26312.59
2460900.90998843 0.9812125 0.02780153 1.18173 2.2087 26261.125
2460900.91012731 1.0046388 0.0280915 1.18169 2.2233 26286.066
2460900.91027778 0.99589646 0.02799456 1.18166 2.3736 26248.254
2460900.91042824 1.0021625 0.02815841 1.18163 2.1586 26319.352
2460900.9105787 1.00661 0.02850579 1.1816 2.4007 26409.914
2460900.91072917 1.0031912 0.02804542 1.18158 2.1952 26421.322
2460900.91086806 0.9677452 0.02776349 1.18155 2.1489 26519.74
2460900.91101852 1.0457004 0.02834425 1.18153 2.0983 26552.83
2460900.91116898 1.0132492 0.02798199 1.1815 2.1851 26495.71
2460900.91131944 0.991255 0.02823846 1.18148 1.9807 26509.299
2460900.91145833 0.9872242 0.02783669 1.18146 2.0861 26455.31
2460900.9116088 0.9996225 0.02800913 1.18144 2.1405 26467.975
2460900.91175926 1.0216006 0.02814532 1.18142 2.1014 26462.586
2460900.91190972 0.9940203 0.02793969 1.1814 2.1005 26458.703
2460900.91206019 0.9747757 0.02786311 1.18138 2.0845 26483.764
2460900.91219907 1.005721 0.02803595 1.18137 2.118 26521.547
2460900.91234954 1.0162846 0.02804877 1.18135 2.1497 26532.78
2460900.9125 0.99530894 0.02806725 1.18134 2.0799 26506.975
2460900.91265046 1.0099573 0.02792313 1.18133 2.1531 26506.771
2460900.91280093 1.0255678 0.02787431 1.18131 2.0377 26557.275
2460900.91293981 1.0284475 0.02818398 1.1813 2.1219 26510.334
2460900.91309028 1.0187749 0.02813585 1.18129 2.1071 26480.938
2460900.91324074 1.0105972 0.0281454 1.18129 2.1354 26553.809
2460900.9133912 1.0266076 0.02802204 1.18128 2.1169 26607.17
2460900.91353009 0.9589575 0.02771624 1.18127 2.1536 26659.873
2460900.91368056 0.9916449 0.02780295 1.18127 2.0407 26656.416
2460900.91383102 0.99392456 0.02795046 1.18127 2.1836 26629.605
2460900.91398148 0.99462944 0.02788968 1.18126 2.1506 26611.19
2460900.91413194 1.0076258 0.02805054 1.18126 2.102 26598.123
2460900.91427083 1.0123489 0.02809682 1.18126 2.0798 26600.104
2460900.9144213 0.98015726 0.02798084 1.18126 2.1656 26619.3
2460900.91457176 0.9869294 0.02803768 1.18126 2.078 26622.256
2460900.91472222 0.97812235 0.02787425 1.18127 2.0777 26616.361
2460900.91486111 1.014295 0.02805498 1.18127 2.085 26674.674
2460900.91501157 0.99713194 0.02804576 1.18127 2.2637 26653.06
2460900.91516204 0.9855091 0.0282794 1.18128 2.1701 26694.191
2460900.9153125 0.9991438 0.02808932 1.18129 2.2425 26628.486
2460900.91546296 1.006427 0.02812496 1.1813 2.1848 26548.252
2460900.91561343 1.0110202 0.02826041 1.18131 2.2527 26556.7
2460900.91575231 0.9628165 0.02774609 1.18131 2.2017 26507.201
2460900.91590278 1.0054984 0.02801145 1.18133 2.2285 26549.982
2460900.91605324 0.9844102 0.02792848 1.18134 2.293 26591.016
2460900.9162037 0.98653525 0.02781776 1.18135 2.1101 26606.0
2460900.91634259 1.0371625 0.02822725 1.18136 2.1232 26603.71
2460900.91649306 1.0108246 0.02807932 1.18138 2.1651 26658.926
2460900.91664352 0.987845 0.02806481 1.1814 2.2157 26670.037
2460900.91679398 1.0151129 0.02830827 1.18141 2.2115 26677.4
2460900.91693287 1.0126976 0.02828931 1.18143 2.2077 26741.564
2460900.91708333 0.99631 0.02807136 1.18145 2.197 26772.166
2460900.9172338 1.0224129 0.02818867 1.18147 2.1277 26757.06
2460900.91738426 1.0144696 0.02823005 1.1815 2.1807 26734.525
2460900.91753472 0.9867504 0.02793388 1.18152 2.2478 26871.107
2460900.91767361 1.0463141 0.0285585 1.18154 2.1771 26902.371
2460900.91782407 1.0030203 0.02812807 1.18157 2.1599 26794.938
2460900.91798611 1.0057536 0.02817697 1.18159 2.0016 26916.986
2460900.91813657 0.99760634 0.0280438 1.18162 2.2166 27020.98
2460900.91828704 1.0279077 0.02855575 1.18165 2.193 26987.44
2460900.91842593 1.0240711 0.02838272 1.18168 2.197 27029.9
2460900.91857639 0.9854413 0.02817319 1.18171 2.1907 27056.902
2460900.91872685 0.97011155 0.0280982 1.18174 2.0517 27098.479
2460900.91887731 1.0043364 0.02815846 1.18177 2.0912 27101.15
2460900.9190162 1.0285791 0.02843614 1.18181 2.1995 27147.5
2460900.91916667 0.9921538 0.02819506 1.18184 2.2244 27196.998
2460900.91931713 1.0295293 0.02867358 1.18188 2.0665 27196.252
2460900.91946759 0.97109264 0.02802378 1.18192 2.1568 27261.66
2460900.91961806 1.006675 0.0284891 1.18196 2.2015 27284.686
2460900.91975694 0.9738261 0.02835651 1.182 2.1364 27339.57
2460900.91990741 0.9984558 0.02835974 1.18204 2.1105 27362.404
2460900.92005787 0.9901469 0.02829659 1.18208 2.1637 27407.566
2460900.92020833 0.98938984 0.02824665 1.18212 2.1654 27423.346
2460900.92034722 1.0018945 0.02846384 1.18217 2.1971 27485.693
2460900.92049769 1.003039 0.02878922 1.18221 2.2636 27590.21
2460900.92064815 0.99289936 0.02835828 1.18226 2.1879 27694.762
2460900.92079861 0.97016793 0.0283263 1.18231 2.1161 27695.59
2460900.9209375 0.99125546 0.0286674 1.18235 2.1226 27685.652
2460900.92108796 1.0060425 0.02871872 1.1824 2.1833 27707.836
2460900.92123843 0.97375923 0.0282812 1.18245 2.207 27803.275
2460900.92138889 1.0121201 0.02871108 1.1825 2.3169 27845.879
2460900.92153935 0.98988646 0.02878452 1.18256 2.1945 27913.094
2460900.92168981 0.9908704 0.02873557 1.18261 2.2181 27908.064
2460900.9218287 1.0195378 0.02887236 1.18267 2.2279 28050.168
2460900.92197917 0.94736665 0.02820221 1.18272 2.2157 28120.53
2460900.92212963 0.9794822 0.02865241 1.18278 2.3278 28195.762
2460900.92228009 0.9563303 0.02868873 1.18284 2.4421 28266.879
2460900.92241898 0.965 0.02860547 1.1829 2.1085 28320.889
