BJD FluxNorm FluxNormErr Airmass FWHM_TL SkyBg
2460900.77068287 0.91752887 0.06721398 1.97482 2.2879 18787.057
2460900.77092593 0.89470845 0.06792194 1.98167 2.1819 18756.73
2460900.77107639 0.88075995 0.0671076 1.97908 2.1884 18729.707
2460900.77122685 0.9325267 0.06829834 1.9765 2.1981 18716.01
2460900.77137731 0.9448137 0.06851672 1.97391 2.3414 18686.127
2460900.77152778 1.0076993 0.06873793 1.97133 2.2574 18677.38
2460900.77167824 0.92981637 0.0675967 1.96876 2.1306 18628.05
2460900.7718287 1.0464641 0.06885317 1.96621 2.3041 18597.023
2460900.77196759 0.98168516 0.0680012 1.96368 2.3304 18597.156
2460900.77211806 0.9409905 0.06774539 1.96114 2.2282 18573.924
2460900.77226852 0.8878091 0.06593041 1.95862 2.1854 18550.35
2460900.77241898 0.9585267 0.0676506 1.95612 2.1984 18538.908
2460900.77256944 0.98194754 0.06643914 1.95362 2.2579 18542.602
2460900.77271991 0.9991823 0.06654254 1.95113 2.1764 18529.021
2460900.7728588 0.9612499 0.06647468 1.94863 2.19 18528.33
2460900.77300926 0.92080206 0.06638831 1.94615 2.0385 18529.545
2460900.77315972 0.89814657 0.06585713 1.94365 2.2553 18507.271
2460900.77331019 0.9352296 0.06597354 1.94117 2.1038 18507.209
2460900.77346065 0.940931 0.06591389 1.93871 2.1755 18496.934
2460900.77361111 1.0035453 0.06627401 1.93626 2.2253 18475.092
2460900.77376157 0.9749683 0.06664112 1.93381 2.2642 18483.297
2460900.77391204 0.90251935 0.06499472 1.93139 2.2306 18422.283
2460900.77405093 1.0020878 0.06584009 1.92895 2.1644 18429.766
2460900.77420139 0.9672255 0.0656226 1.92654 2.2641 18368.02
2460900.77435185 0.95536435 0.0652809 1.92414 2.0879 18357.729
2460900.77450231 0.9760085 0.06515829 1.92173 2.1005 18330.06
2460900.77465278 0.9824963 0.06483132 1.91935 2.279 18337.566
2460900.77480324 0.91755295 0.06430338 1.91696 2.1863 18332.078
2460900.7749537 0.8846625 0.06420565 1.91457 2.197 18293.896
2460900.77509259 0.911361 0.06386382 1.91221 2.2224 18300.75
2460900.77524306 0.9669673 0.06429466 1.90984 2.2545 18250.39
2460900.77539352 0.969163 0.06476772 1.90745 2.2375 18255.674
2460900.77554398 1.0492505 0.06528693 1.90509 2.0958 18258.57
2460900.77569444 0.99050665 0.06474493 1.90275 2.1868 18220.008
2460900.77584491 0.9112884 0.06314625 1.90043 2.1523 18200.8
2460900.77599537 0.96799403 0.06364695 1.8981 2.2219 18160.164
2460900.77614583 0.91516906 0.06333309 1.89579 2.2802 18117.285
2460900.77628472 0.9503236 0.06295305 1.89348 2.1911 18131.283
2460900.77643519 0.96779495 0.06320043 1.89117 2.1679 18082.018
2460900.77658565 0.96164 0.06282257 1.88889 2.0934 18090.217
2460900.77673611 0.92240655 0.06256665 1.88659 2.163 18048.402
2460900.77688657 0.8898368 0.0622938 1.88432 2.2006 18029.115
2460900.77703704 0.9547202 0.06248714 1.88203 2.1269 17982.143
2460900.7771875 0.9168402 0.06218411 1.87977 2.2472 17987.22
2460900.77732639 0.96065193 0.06238505 1.87751 2.093 17959.963
2460900.77747685 0.94843996 0.06226313 1.87526 2.2896 17959.553
2460900.77762731 0.92412984 0.06170768 1.87298 2.2105 17949.387
2460900.77777778 0.9574184 0.06188395 1.87075 2.1033 17931.27
2460900.77792824 0.9739768 0.06167316 1.86853 2.2562 17879.975
2460900.7780787 1.0113611 0.06253359 1.86631 2.3522 17884.846
2460900.77822917 0.9396875 0.06143312 1.86409 2.229 17845.22
2460900.77837963 0.9088963 0.06116158 1.86187 2.3337 17805.645
2460900.77851852 0.93564135 0.06070403 1.85967 2.1819 17779.266
2460900.77866898 0.9766268 0.06166882 1.85748 2.0505 17765.736
2460900.77881944 0.98337764 0.06112566 1.8553 2.2111 17730.82
2460900.77896991 0.9235519 0.06076339 1.85313 2.2194 17716.504
2460900.77912037 0.96205074 0.06119134 1.85096 2.097 17683.16
2460900.77927083 0.93604684 0.06107551 1.84879 2.1611 17713.566
2460900.7794213 0.9538118 0.06072006 1.84664 2.2387 17694.65
2460900.77956019 0.9407471 0.06088619 1.84448 2.1647 17700.973
2460900.77971065 0.9903281 0.06114264 1.84235 2.26 17698.338
2460900.77986111 0.9010141 0.05911444 1.84017 2.1624 17683.04
2460900.78001157 0.9261948 0.05956526 1.83803 2.1905 17675.877
2460900.78016204 1.0168918 0.0609563 1.83591 2.2021 17669.605
2460900.7803125 1.0000049 0.0605826 1.83379 2.2132 17654.764
2460900.78046296 1.0243882 0.06099119 1.83169 2.2133 17620.578
2460900.78060185 0.95339185 0.05930069 1.8296 2.2005 17600.967
2460900.78075231 0.923474 0.05899249 1.8275 2.1395 17598.72
2460900.78090278 0.9723821 0.05955097 1.82542 2.0853 17572.55
2460900.78105324 1.0421567 0.06030106 1.82333 2.1736 17566.824
2460900.7812037 0.9708112 0.05915214 1.82125 2.1797 17548.357
2460900.78135417 0.94149655 0.05954197 1.81918 2.2172 17542.988
2460900.78150463 0.9820926 0.05935579 1.81712 2.254 17537.883
2460900.78164352 0.9739604 0.05885476 1.81506 2.1775 17540.732
2460900.78179398 0.9444303 0.05934366 1.81301 2.1208 17582.521
2460900.78194444 0.9703807 0.05842466 1.81097 2.1519 17546.094
2460900.78209491 0.942487 0.05853713 1.80889 2.2807 17544.389
2460900.78224537 0.9428521 0.05903599 1.80686 2.1793 17530.479
2460900.78239583 0.93246853 0.05796461 1.80485 2.1659 17521.963
2460900.7825463 1.021026 0.05946761 1.80281 2.195 17542.77
2460900.78268519 0.9526128 0.05785425 1.80081 2.0869 17509.842
2460900.78283565 0.9605117 0.05843702 1.7988 2.1302 17512.64
2460900.78298611 0.9476294 0.05888069 1.79682 2.1807 17494.033
2460900.78313657 1.0439543 0.05923379 1.79482 2.2513 17483.914
2460900.78328704 0.9495948 0.05721525 1.79283 2.1122 17476.436
2460900.7834375 0.93234307 0.05746646 1.79085 2.1783 17390.273
2460900.78357639 0.9806251 0.0579866 1.78887 2.0778 17368.496
2460900.78372685 0.9418878 0.05764279 1.78691 2.2171 17361.773
2460900.78387731 0.9762415 0.05854735 1.78494 2.2675 17336.668
2460900.78402778 0.96223795 0.05792025 1.78298 2.1932 17310.06
2460900.78417824 0.9593612 0.05758456 1.78103 2.0678 17282.604
2460900.7843287 1.0270683 0.05826842 1.77905 2.0458 17287.53
2460900.78447917 0.9657042 0.05699974 1.77711 2.2491 17234.305
2460900.78462963 0.95617497 0.05713301 1.77518 2.1946 17242.076
2460900.78476852 1.0042124 0.05729316 1.77325 2.1385 17226.188
2460900.78491898 0.8723549 0.05640717 1.77134 2.1519 17214.762
2460900.78506944 1.0074872 0.05741118 1.76942 2.1598 17244.65
2460900.78521991 0.9965061 0.05746623 1.7675 2.2599 17228.15
2460900.78537037 1.0141748 0.0570782 1.7656 2.0682 17202.713
2460900.78550926 0.91034997 0.05550758 1.76371 2.0671 17209.33
2460900.78565972 0.92761433 0.05613733 1.76182 2.0321 17181.707
2460900.78581019 0.95562077 0.05605523 1.75992 2.1367 17132.502
2460900.78596065 0.9850143 0.05677337 1.75804 2.1543 17123.115
2460900.78611111 0.9395878 0.05597417 1.75617 2.0967 17139.488
2460900.78626157 0.99480766 0.05595997 1.75431 2.21 17104.732
2460900.78641204 0.9767734 0.0561126 1.75243 2.095 17092.836
2460900.7865625 0.95624304 0.0556994 1.75055 2.0036 17060.35
2460900.78670139 0.982382 0.05616272 1.74869 2.2649 17051.816
2460900.78685185 0.931135 0.05541856 1.74684 2.0556 17053.143
2460900.78700231 0.9678977 0.05585232 1.745 2.2489 17042.629
2460900.78715278 0.97566545 0.05599579 1.74316 2.1375 17021.934
2460900.78730324 0.97892284 0.05543252 1.74133 2.101 17022.086
2460900.7874537 1.0146252 0.05598669 1.73951 2.2054 16997.662
2460900.78759259 0.9177566 0.05501047 1.73769 2.1154 16973.879
2460900.78774306 1.0133344 0.05561466 1.73588 2.1701 16954.975
2460900.78789352 1.0336733 0.05566944 1.73407 2.2247 16952.66
2460900.78804398 0.99129254 0.05542222 1.73225 2.1267 16954.857
2460900.78819444 1.0150871 0.05536525 1.73045 2.1355 16920.264
2460900.78834491 0.9836107 0.05487218 1.72865 2.1819 16887.955
2460900.78849537 1.0217979 0.05494605 1.72687 2.1668 16890.348
2460900.78863426 1.0062392 0.05517315 1.72508 2.1796 16853.137
2460900.78878472 0.95350146 0.05488448 1.72328 2.2529 16865.658
2460900.78893519 0.9694152 0.05457281 1.72151 2.0996 16843.55
2460900.78908565 0.96697074 0.05399682 1.71973 2.2343 16812.406
2460900.78923611 0.9609155 0.05414266 1.71797 2.1155 16800.75
2460900.78938657 0.95314074 0.0538349 1.71621 2.2353 16802.932
2460900.78953704 0.96543753 0.05386341 1.71446 2.1826 16756.158
2460900.7896875 0.9875596 0.05450273 1.71271 2.1765 16777.488
2460900.78982639 0.930106 0.05319245 1.71098 2.1416 16731.86
2460900.78997685 0.92302835 0.05328098 1.70924 2.2621 16721.125
2460900.79012731 0.9808829 0.05370729 1.70751 2.132 16697.607
2460900.79027778 0.947044 0.05398283 1.70579 2.2218 16661.71
2460900.79042824 0.9845406 0.05382103 1.70406 2.1954 16688.424
2460900.7905787 1.0011264 0.05370809 1.70235 2.1155 16667.266
2460900.79072917 0.9892473 0.0532999 1.70063 2.1283 16660.732
2460900.79086806 1.0322458 0.05403379 1.69893 2.0668 16676.195
2460900.79101852 0.9472011 0.05307374 1.69721 2.1101 16661.293
2460900.79116898 0.9558732 0.05318579 1.69551 2.2343 16624.395
2460900.79131944 1.0153095 0.05366468 1.69382 2.0809 16628.814
2460900.79146991 0.98309624 0.0532123 1.69213 2.1675 16617.342
2460900.79162037 0.9812769 0.05282398 1.69045 2.0126 16589.783
2460900.79177083 0.9049383 0.05241651 1.68878 2.1334 16614.209
2460900.7919213 0.9449467 0.05254837 1.6871 2.1791 16562.162
2460900.79206019 1.0038011 0.05274592 1.68544 2.1549 16535.541
2460900.79221065 0.93454486 0.05209436 1.68378 2.1256 16535.465
2460900.79236111 0.9568638 0.05187798 1.68212 2.104 16502.078
2460900.79251157 1.0057342 0.0525815 1.68047 2.0502 16506.902
2460900.79266204 0.94305086 0.05212966 1.67882 2.2646 16480.951
2460900.7928125 1.0146166 0.05262963 1.67718 2.0739 16454.76
2460900.79295139 0.9243092 0.05168046 1.67554 2.2125 16447.02
2460900.79310185 0.93112695 0.05149708 1.67391 2.1003 16421.23
2460900.79325231 0.93745553 0.05202898 1.67226 2.1757 16416.19
2460900.79340278 0.9673551 0.05183911 1.67063 2.1815 16390.63
2460900.79355324 0.97632724 0.05200041 1.669 2.0482 16391.75
2460900.7937037 1.0165275 0.05252944 1.6674 2.1107 16399.738
2460900.79385417 0.9679997 0.05137487 1.66575 2.1129 16353.041
2460900.79400463 1.0010458 0.05219664 1.66416 2.2144 16364.38
2460900.79415509 0.94093317 0.05157963 1.66256 1.9579 16375.544
2460900.79430556 0.9978545 0.05150916 1.66096 2.225 16383.751
2460900.79445602 1.0266501 0.05167108 1.65937 2.1852 16379.042
2460900.79459491 1.0034326 0.05153555 1.65779 2.095 16372.809
2460900.79474537 0.93615973 0.05114634 1.65621 2.1607 16343.65
2460900.79489583 0.9525818 0.0512255 1.65462 2.2149 16331.417
2460900.7950463 0.9524636 0.05131453 1.65307 2.2021 16278.018
2460900.79519676 0.9297985 0.05110582 1.6515 2.1292 16281.266
2460900.79534722 1.0354457 0.05144886 1.64993 2.1533 16237.748
2460900.79549769 1.0688236 0.05162671 1.64834 2.1486 16229.638
2460900.79564815 0.9524906 0.05075403 1.64679 2.1265 16229.294
2460900.79578704 1.0381122 0.05159225 1.64525 2.2681 16183.521
2460900.7959375 0.9248507 0.05071141 1.6437 2.1651 16186.334
2460900.79608796 0.93240434 0.05050686 1.64217 2.1596 16171.4
2460900.79623843 0.95237976 0.05062462 1.64062 2.1917 16142.199
2460900.79638889 0.9684739 0.05068454 1.63909 2.213 16095.517
2460900.79653935 0.9625526 0.05003364 1.63757 2.0495 16083.97
2460900.79668981 0.91365534 0.05010452 1.63605 2.2055 16105.101
2460900.7968287 0.93913096 0.0498094 1.63453 2.1183 16088.827
2460900.79697917 0.983193 0.0501345 1.63302 2.1309 16062.001
2460900.79712963 1.0063092 0.05018424 1.63151 2.1538 16069.696
2460900.79728009 0.9132396 0.0494936 1.63 2.1798 16089.772
2460900.79743056 0.9566242 0.04988349 1.6285 2.2047 16038.321
2460900.79758102 0.9871227 0.05021016 1.62701 2.2698 16067.054
2460900.79773148 1.0351075 0.05059148 1.62548 2.1156 16031.349
2460900.79787037 0.95542616 0.04920634 1.624 2.2333 16016.249
2460900.79802083 0.98832273 0.0500942 1.62252 2.1012 16007.288
2460900.7981713 0.9362004 0.04923107 1.62104 2.3432 16015.037
2460900.79832176 0.9648936 0.04963284 1.61957 2.0385 15985.663
2460900.79847222 0.9593048 0.04935424 1.6181 2.2063 15969.194
2460900.79862269 1.0276161 0.04990713 1.61663 2.1294 15974.199
2460900.79877315 0.9759497 0.04983159 1.61517 2.2199 15945.727
2460900.79891204 0.9611088 0.04897551 1.61371 2.1646 15954.021
2460900.7990625 0.93479925 0.04853318 1.61225 2.1771 15945.722
2460900.79921296 1.0408554 0.05031847 1.6108 2.1753 15922.428
2460900.79936343 0.94013566 0.04885392 1.60935 2.1072 15926.009
2460900.79951389 0.9388388 0.0488521 1.60791 2.1211 15878.194
2460900.79966435 0.98518556 0.04921818 1.60647 2.1067 15872.739
2460900.79981481 0.98175937 0.04952731 1.60504 2.1217 15891.426
2460900.79996528 0.9771714 0.04893378 1.60359 2.1517 15847.132
2460900.80010417 0.9154376 0.04818134 1.60216 2.1523 15875.87
2460900.80025463 0.9901078 0.0494106 1.60074 2.1148 15867.057
2460900.80040509 0.9539024 0.04894949 1.59932 2.2606 15866.395
2460900.80055556 1.0303314 0.0492501 1.59791 2.2588 15854.818
2460900.80070602 0.9938561 0.04921825 1.5965 2.2728 15837.726
2460900.80085648 1.0296896 0.0492733 1.5951 2.0628 15820.972
2460900.80100694 1.0115646 0.04891222 1.59369 2.1456 15813.688
2460900.80114583 0.99881816 0.04879487 1.59229 2.1919 15834.819
2460900.8012963 0.97797215 0.0486436 1.5909 2.108 15764.844
2460900.80144676 0.9875659 0.04829309 1.58951 2.1704 15765.16
2460900.80159722 0.9732086 0.04829139 1.58812 1.9572 15787.277
2460900.80174769 0.981709 0.04843729 1.58674 2.1093 15759.828
2460900.80189815 0.9853719 0.04873592 1.58537 2.1154 15767.504
2460900.80204861 1.0146583 0.04872865 1.58399 2.2951 15704.563
2460900.80219907 0.92307127 0.04717195 1.58261 2.2349 15693.17
2460900.80233796 1.011154 0.04859646 1.58124 2.1621 15691.548
2460900.80248843 0.9368642 0.04776681 1.57988 2.225 15656.41
2460900.80263889 0.93750757 0.04769143 1.57852 2.1169 15665.231
2460900.80278935 0.97598433 0.04794034 1.57716 2.1523 15637.612
2460900.80293981 0.9463107 0.04768639 1.57582 2.1425 15626.516
2460900.80309028 0.99487436 0.04809555 1.57447 2.2226 15602.169
2460900.80324074 0.96902484 0.04738701 1.57313 2.2216 15614.185
2460900.80337963 0.9794087 0.04776549 1.57178 2.1134 15599.58
2460900.80353009 0.9867631 0.04754977 1.57044 2.2236 15600.294
2460900.80368056 0.987045 0.0476593 1.56912 2.2035 15574.737
2460900.80383102 0.998842 0.04762669 1.56779 2.1046 15579.684
2460900.80398148 0.9933487 0.04765005 1.56646 2.1877 15568.313
2460900.80413194 0.92590064 0.04721106 1.56515 2.1809 15574.896
2460900.80428241 0.95903635 0.04745181 1.56383 2.0876 15573.037
2460900.80443287 0.96548235 0.04706094 1.56249 2.1028 15564.418
2460900.80458333 0.9531375 0.0473686 1.56118 2.2151 15571.044
2460900.80472222 0.9335939 0.04676436 1.55988 2.301 15548.642
2460900.80487269 0.95426476 0.04699706 1.55858 2.1627 15551.234
2460900.80502315 0.9576198 0.04722136 1.55727 2.235 15542.125
2460900.80517361 0.9749264 0.04712526 1.55598 2.1708 15541.869
2460900.80532407 0.9670607 0.04718397 1.55469 2.2419 15503.692
2460900.80547454 0.97455525 0.04686829 1.5534 2.1774 15499.091
2460900.805625 1.0208695 0.04747634 1.55213 2.2352 15472.93
2460900.80576389 0.9894028 0.04712859 1.55084 2.1271 15456.075
2460900.80591435 0.9565703 0.04704023 1.54957 2.18 15464.622
2460900.80606481 1.0457314 0.04779724 1.5483 2.2766 15446.457
2460900.80621528 0.94341207 0.04679476 1.54703 2.2355 15450.15
2460900.80636574 0.9497108 0.04703672 1.54576 2.2351 15440.448
2460900.8065162 1.0200907 0.04705228 1.54451 2.2478 15411.782
2460900.80666667 0.94025725 0.04631902 1.54323 2.2116 15429.084
2460900.80681713 1.0106088 0.046973 1.54197 2.2608 15417.876
2460900.80695602 0.9605577 0.04649409 1.54072 2.2161 15401.408
2460900.80710648 0.99034274 0.04673284 1.53947 2.2715 15410.233
2460900.80725694 0.9951575 0.04673726 1.53822 2.2056 15408.556
2460900.80740741 0.9543375 0.04647236 1.53698 2.2336 15391.088
2460900.80755787 0.9777514 0.04615538 1.53575 2.2318 15384.874
2460900.80770833 0.9494786 0.0457444 1.53451 2.1076 15376.674
2460900.8078588 0.9624168 0.04615585 1.53328 2.2734 15393.979
2460900.80799769 0.9901607 0.04650851 1.53205 2.2287 15407.912
2460900.80814815 0.94544363 0.04582939 1.53083 2.1673 15373.121
2460900.80829861 1.0120854 0.04714852 1.5296 2.2806 15399.688
2460900.80844907 1.017836 0.04682607 1.52839 2.1899 15349.328
2460900.80859954 1.0142134 0.04668163 1.52717 2.1812 15345.187
2460900.80875 1.0050665 0.04662746 1.52596 2.0437 15312.914
2460900.80890046 0.96595955 0.04622037 1.52474 2.1626 15314.301
2460900.80905093 0.9304128 0.04558883 1.52354 2.2601 15272.591
2460900.80918981 0.9436942 0.04562955 1.52234 2.3237 15261.217
2460900.80934028 0.9928635 0.04613868 1.52114 2.1776 15242.989
2460900.80949074 0.9869371 0.04574344 1.51995 2.1723 15228.747
2460900.8096412 0.97443163 0.04562551 1.51875 2.2619 15235.79
2460900.80979167 0.95880675 0.04630423 1.51757 2.1708 15218.014
2460900.80994213 0.9778041 0.04560346 1.51638 2.2658 15211.464
2460900.81009259 0.97095615 0.04602379 1.5152 2.2538 15238.466
2460900.81023148 0.9903916 0.04572773 1.51403 2.145 15214.045
2460900.81038194 1.0158099 0.04598008 1.51285 2.1211 15210.27
2460900.81053241 0.97201043 0.04560304 1.51168 2.2241 15185.879
2460900.81068287 0.9792573 0.04548385 1.51051 2.1362 15215.796
2460900.81083333 0.9853022 0.04516421 1.50935 2.1346 15208.073
2460900.8109838 1.0577842 0.0461163 1.50818 2.2287 15204.315
2460900.81113426 0.92315704 0.04485751 1.50701 2.1146 15218.809
2460900.81128472 0.9800368 0.04559564 1.50585 1.9986 15200.429
2460900.81142361 0.985762 0.04509538 1.5047 2.1992 15190.527
2460900.81157407 0.91967887 0.04489399 1.50355 2.1793 15187.078
2460900.81172454 1.0103457 0.04604711 1.50241 2.1913 15189.679
2460900.811875 1.032217 0.04579668 1.50127 2.231 15146.562
2460900.81202546 0.9533029 0.04510889 1.50012 2.246 15149.828
2460900.81217593 0.99625427 0.04551557 1.49899 2.2285 15132.389
2460900.81232639 0.99413073 0.04557609 1.49786 2.1826 15109.502
2460900.81246528 1.0122298 0.04528014 1.49673 2.2639 15101.868
2460900.81261574 0.9987278 0.04502629 1.49561 2.227 15103.297
2460900.8127662 0.99876606 0.04526964 1.49448 2.3029 15105.845
2460900.81291667 0.98564786 0.04471697 1.49336 2.2247 15113.121
2460900.81306713 1.0153503 0.04505621 1.49225 2.2113 15064.539
2460900.81321759 0.96863127 0.04446446 1.49114 2.2372 15087.758
2460900.81336806 0.979699 0.0444455 1.49001 2.2196 15062.358
2460900.81351852 0.9719536 0.04452694 1.4889 2.2117 15062.786
2460900.81365741 0.93658763 0.04461088 1.4878 2.1449 15062.457
2460900.81380787 1.0005405 0.0450015 1.48669 2.3663 15052.553
2460900.81395833 1.0133306 0.04513255 1.48559 2.1663 15024.517
2460900.8141088 0.92839843 0.04420493 1.4845 2.2853 15038.664
2460900.81425926 1.0317498 0.04490526 1.48341 2.2529 15008.625
2460900.81440972 0.99303615 0.0445069 1.48231 2.189 14993.69
2460900.81456019 1.045882 0.04475302 1.48123 2.2443 14983.408
2460900.81469907 0.9799776 0.04432 1.48014 2.1958 14950.948
2460900.81484954 1.0182083 0.04444293 1.47906 2.1223 14938.468
2460900.815 1.0145653 0.04474741 1.47798 2.1369 14981.931
2460900.81515046 1.0314997 0.04467746 1.47691 2.2555 14973.284
2460900.81530093 1.0053822 0.04449668 1.47584 2.0805 14958.574
2460900.81545139 0.93459654 0.04421241 1.47476 2.2391 14921.867
2460900.81560185 0.9906037 0.04436063 1.47368 2.2686 14940.281
2460900.81575231 1.043417 0.04490254 1.47262 2.1704 14917.74
2460900.81590278 0.9178623 0.0439086 1.47156 2.2123 14929.188
2460900.81604167 1.0420227 0.04468742 1.4705 2.288 14934.026
2460900.81619213 0.9748986 0.04417846 1.46945 2.2151 14937.517
2460900.81634259 0.9456401 0.04397431 1.4684 2.2521 14933.616
2460900.81649306 0.96540123 0.04371076 1.46735 2.1479 14944.917
2460900.81664352 0.96262884 0.04392491 1.46631 2.1852 14953.024
2460900.81679398 1.0268112 0.04413501 1.46527 2.1908 14912.352
2460900.81693287 0.9478647 0.04372891 1.46422 2.3263 14899.64
2460900.81708333 0.98656195 0.04385297 1.46319 2.1626 14942.196
2460900.8172338 1.0343307 0.0439815 1.46216 2.119 14914.343
2460900.81738426 1.0275782 0.04418638 1.46113 2.2007 14911.48
2460900.81753472 0.9785838 0.04362123 1.4601 2.1872 14893.407
2460900.81768519 0.9909025 0.04382618 1.45908 2.1958 14899.732
2460900.81783565 0.97966194 0.04359822 1.45804 2.1879 14860.124
2460900.81797454 1.0079163 0.04373452 1.45703 2.3064 14845.333
2460900.818125 1.0094359 0.04361732 1.45602 2.1388 14847.804
2460900.81827546 0.9738102 0.04342178 1.455 2.1209 14833.237
2460900.81842593 0.9913588 0.04356843 1.45399 2.2901 14818.924
2460900.81857639 0.97597027 0.04348595 1.45298 2.1441 14804.132
2460900.81872685 1.0327709 0.04428943 1.45198 2.153 14817.47
2460900.81887731 0.9374189 0.04322869 1.45098 2.1457 14802.777
2460900.8190162 0.9773538 0.04348086 1.44998 2.1892 14807.011
2460900.81916667 1.0355597 0.04335458 1.44898 2.2553 14797.395
2460900.81931713 0.9811893 0.04307488 1.44798 2.1906 14777.278
2460900.81946759 1.0097929 0.04357208 1.44699 2.2185 14794.117
2460900.81961806 0.9981333 0.04341881 1.446 2.1667 14780.407
2460900.81976852 1.0050967 0.04344163 1.44501 2.2451 14781.493
2460900.81990741 1.0247972 0.04350074 1.44403 2.145 14758.51
2460900.82005787 0.96970415 0.04362941 1.44303 2.2214 14771.416
2460900.82020833 0.9432477 0.0419328 1.44205 2.1988 14796.531
2460900.8203588 0.95361656 0.04289099 1.44108 2.0438 14778.339
2460900.82050926 1.0140101 0.04350676 1.44011 2.1226 14771.092
2460900.82065972 1.0443438 0.04346952 1.43914 2.0984 14763.197
2460900.82081019 1.0082184 0.04335137 1.43817 2.1638 14777.271
2460900.82096065 0.9624009 0.04268198 1.43721 2.178 14751.647
2460900.82109954 0.97123986 0.04276078 1.43624 2.174 14780.142
2460900.82125 0.96928686 0.04258772 1.43529 2.0763 14751.114
2460900.82140046 0.9218003 0.04258921 1.43432 2.0319 14781.741
2460900.82155093 0.971815 0.0430642 1.43337 2.2581 14767.579
2460900.82170139 0.9542323 0.04300173 1.43242 2.101 14765.69
2460900.82185185 1.0070896 0.04298688 1.43147 2.0951 14773.745
2460900.82200231 1.01095 0.04271382 1.43052 2.2064 14732.551
2460900.8221412 1.0027086 0.04263565 1.42957 2.1553 14741.127
2460900.82229167 0.9713677 0.04266094 1.42862 2.1822 14749.954
2460900.82244213 1.0174524 0.0430127 1.42767 2.2169 14762.16
2460900.82259259 1.0381002 0.04294199 1.42674 2.0854 14718.847
2460900.82274306 0.9804292 0.04272895 1.4258 2.2115 14749.611
2460900.82289352 1.0278988 0.04298879 1.42487 2.165 14718.481
2460900.82304398 1.0033602 0.04257106 1.42395 2.0827 14733.716
2460900.82319444 1.0397699 0.0432687 1.42302 2.1424 14725.406
2460900.82333333 0.989771 0.04241994 1.42209 2.131 14714.139
2460900.8234838 0.9581561 0.04268868 1.42117 2.1771 14723.92
2460900.82363426 0.9446347 0.04231405 1.42025 2.2001 14704.652
2460900.82378472 0.94861865 0.04261575 1.41933 2.2376 14708.285
2460900.82393519 1.0172787 0.04292276 1.41842 2.0755 14722.71
2460900.82408565 0.97602546 0.04234233 1.41751 2.1435 14684.32
2460900.82422454 1.0047556 0.04239715 1.4166 2.1555 14687.069
2460900.824375 1.0264809 0.04273136 1.41569 2.2927 14686.047
2460900.82452546 0.9808363 0.0426591 1.41478 2.1737 14677.77
2460900.82467593 0.96165305 0.04232356 1.41387 2.0952 14655.731
2460900.82482639 0.9759002 0.04202956 1.41297 2.1708 14647.664
2460900.82497685 1.0003769 0.04202157 1.41208 2.1766 14605.017
2460900.82512731 1.0250702 0.04257454 1.41118 2.1879 14625.276
2460900.82527778 1.0468692 0.04258476 1.41029 2.12 14611.224
2460900.82541667 1.00659 0.04301667 1.40941 2.2412 14597.897
2460900.82556713 1.0211456 0.04251149 1.40852 2.227 14587.582
2460900.82571759 1.0188318 0.04253837 1.40763 2.1082 14605.528
2460900.82586806 1.019013 0.04236102 1.40675 2.0653 14594.097
2460900.82601852 1.0021155 0.04244914 1.40587 2.148 14616.163
2460900.82616898 1.0231508 0.04269275 1.40499 2.0786 14590.16
2460900.82631944 1.0164369 0.04244628 1.40412 2.1159 14597.623
2460900.82645833 0.9233671 0.04127341 1.40325 2.2215 14605.088
2460900.8266088 1.0055151 0.04214536 1.40238 2.1071 14565.875
2460900.82675926 1.0046796 0.0424937 1.4015 2.1123 14601.221
2460900.82690972 0.99985045 0.04226891 1.40063 2.2006 14584.689
2460900.82706019 0.97472274 0.04200036 1.39977 2.0819 14565.364
2460900.82721065 1.0032074 0.04228727 1.39892 2.2123 14594.894
2460900.82736111 0.97438335 0.04168251 1.39805 2.1092 14579.114
2460900.82751157 0.9706071 0.04179507 1.3972 2.1122 14587.034
2460900.82765046 1.0139115 0.04194959 1.39635 2.0612 14594.919
2460900.82780093 1.0240422 0.0418962 1.3955 2.1923 14563.934
2460900.82795139 0.9964885 0.04155608 1.39465 2.1307 14551.511
2460900.82810185 0.98874164 0.0416612 1.3938 2.1919 14554.542
2460900.82825231 0.9759659 0.04194217 1.39296 2.0608 14558.838
2460900.82840278 0.99000543 0.04165505 1.39212 2.137 14561.223
2460900.82855324 1.0259613 0.04221857 1.39128 2.2122 14567.719
2460900.82869213 0.9811793 0.04158228 1.39044 2.135 14538.279
2460900.82884259 1.0423048 0.04205926 1.38961 2.1735 14528.051
2460900.82899306 0.97427064 0.0415878 1.38876 1.9714 14503.445
2460900.82914352 1.0340174 0.04172407 1.38793 2.1281 14494.095
2460900.82929398 0.9460792 0.04135007 1.3871 2.0928 14495.735
2460900.82944444 0.9753978 0.04146072 1.38628 2.1356 14492.902
2460900.82959491 1.0325147 0.04175654 1.38545 2.1347 14466.686
2460900.82974537 0.9820902 0.04140828 1.38464 2.1675 14476.538
2460900.82988426 0.99401224 0.04152328 1.38382 2.2117 14477.869
2460900.83003472 1.0501896 0.04173351 1.383 2.3153 14454.607
2460900.83018519 1.0208173 0.04184604 1.38219 2.047 14478.132
2460900.83033565 0.9478869 0.04083209 1.38138 2.1443 14474.065
2460900.83048611 1.0300697 0.04166157 1.38057 2.1568 14429.922
2460900.83063657 1.0148495 0.04137175 1.37976 2.1003 14427.177
2460900.83077546 1.0433893 0.04176817 1.37896 2.157 14419.295
2460900.83092593 0.96022177 0.04128768 1.37816 2.249 14432.104
2460900.83107639 0.93467814 0.04118865 1.37736 2.1684 14417.984
2460900.83122685 0.95340604 0.04082945 1.37655 2.1304 14417.154
2460900.83137731 0.93721503 0.041001 1.37575 2.1688 14432.508
2460900.83152778 0.975059 0.04144312 1.37496 2.2126 14400.155
2460900.83167824 0.96362245 0.04100194 1.37417 2.0787 14416.554
2460900.8318287 1.0091401 0.04146739 1.37338 2.2586 14412.075
2460900.83196759 1.0526109 0.04183779 1.3726 2.1671 14384.957
2460900.83211806 0.98381805 0.04129386 1.37181 2.1688 14370.775
2460900.83226852 1.0007837 0.04154789 1.37103 2.2511 14374.764
2460900.83241898 0.9896097 0.04093732 1.37025 2.2155 14360.27
2460900.83256944 0.99297607 0.04132185 1.36947 2.1762 14378.649
2460900.83271991 0.96456546 0.04070357 1.36869 2.1957 14359.734
2460900.8328588 1.009496 0.04126726 1.36792 2.2092 14346.481
2460900.83300926 0.96067667 0.040749 1.36715 2.0843 14336.933
2460900.83315972 1.0018966 0.04080236 1.36638 2.1893 14343.941
2460900.83332176 1.001452 0.04113926 1.36561 2.0484 14340.11
2460900.83347222 1.0003942 0.04075463 1.36483 2.1741 14321.895
2460900.83362269 0.9746422 0.04093517 1.36407 2.1592 14292.94
2460900.83377315 1.0028987 0.04088108 1.36331 2.1623 14304.743
2460900.83392361 1.0203718 0.04123224 1.36255 2.1138 14327.523
2460900.8340625 1.0161887 0.04108002 1.36179 2.1298 14334.496
2460900.83421296 1.0324234 0.04101465 1.36103 2.215 14320.84
2460900.83436343 1.0245098 0.0409732 1.36028 2.2665 14310.691
2460900.83451389 0.93502235 0.04062003 1.35953 2.1647 14311.668
2460900.83466435 0.96843153 0.04085785 1.35878 2.1815 14265.618
2460900.83481481 1.0050687 0.04097074 1.35804 2.0828 14291.983
2460900.83496528 0.9954891 0.04078967 1.35729 2.1479 14288.606
2460900.83510417 0.99476177 0.04072182 1.35656 2.1551 14278.002
2460900.83525463 0.95713884 0.04098669 1.35582 2.0658 14276.071
2460900.83540509 0.95302093 0.0406255 1.35508 2.2436 14263.842
2460900.83555556 1.0090975 0.04080346 1.35434 2.2176 14230.701
2460900.83570602 0.9721563 0.04051744 1.3536 2.2036 14234.974
2460900.83585648 0.9976101 0.04021293 1.35286 2.0773 14282.564
2460900.83600694 0.98227173 0.04028967 1.35213 2.1764 14244.743
2460900.83615741 0.9260586 0.04026169 1.3514 2.2295 14213.0
2460900.8362963 1.0220343 0.04061096 1.35067 2.229 14200.524
2460900.83644676 1.0231918 0.04064921 1.34995 2.1983 14220.618
2460900.83659722 0.97991335 0.04065718 1.34923 2.0985 14243.092
2460900.83674768 1.0328516 0.04082971 1.34851 2.1228 14232.726
2460900.83689815 1.063713 0.04105974 1.34779 2.167 14233.656
2460900.83704861 0.99674183 0.04029381 1.34708 2.1897 14218.039
2460900.83719907 1.0596962 0.04112355 1.34636 2.1702 14212.874
2460900.83733796 1.0407801 0.04042274 1.34565 2.1561 14184.706
2460900.83748843 0.9948435 0.0406503 1.34494 2.1463 14205.349
2460900.83763889 1.0113509 0.04072237 1.34423 2.0825 14188.287
2460900.83778935 0.9982983 0.04048086 1.34353 2.1512 14185.748
2460900.83793981 0.9973195 0.04035972 1.34282 2.2151 14178.281
2460900.83809028 1.0020436 0.04050163 1.34211 2.2802 14176.942
2460900.83824074 1.0227785 0.04060787 1.34142 2.2089 14169.596
2460900.83837963 1.0470899 0.04052801 1.34072 2.1733 14144.436
2460900.83853009 0.9909444 0.04008159 1.34003 2.2172 14125.665
2460900.83868056 0.9431448 0.03958458 1.33934 2.2028 14152.186
2460900.83883102 1.0518644 0.04052435 1.33864 2.3401 14136.823
2460900.83898148 1.0389597 0.04043406 1.33795 2.1073 14145.812
2460900.83913194 0.9621284 0.0400273 1.33727 2.1051 14130.096
2460900.83928241 1.0150869 0.0404707 1.33658 2.2535 14124.792
2460900.8394213 1.0285916 0.04014533 1.3359 2.1175 14121.788
2460900.83957176 0.9575989 0.03970589 1.33522 2.0868 14110.547
2460900.83972222 0.99150884 0.04013615 1.33454 2.2465 14141.143
2460900.83987269 0.9910923 0.04012913 1.33386 2.1654 14128.92
2460900.84002315 1.0546855 0.04026092 1.33318 2.188 14116.057
2460900.84017361 0.9903889 0.0397867 1.3325 2.1257 14089.354
2460900.84032407 0.981638 0.03984094 1.33183 2.2001 14062.78
2460900.84046296 0.9535111 0.03944907 1.33116 2.1145 14089.293
2460900.84061343 0.9900471 0.04003242 1.33049 2.083 14123.742
2460900.84076389 0.97967863 0.03983313 1.32983 2.0928 14103.415
2460900.84091435 0.98038214 0.03996503 1.32917 2.1748 14106.339
2460900.84106481 0.9899861 0.04008886 1.3285 2.2667 14077.133
2460900.84121528 0.98165786 0.03986056 1.32785 2.2279 14092.956
2460900.84135417 1.0078155 0.04038753 1.32719 2.2154 14057.233
2460900.84150463 1.0341066 0.0400001 1.32653 2.1613 14058.535
2460900.84165509 1.0524266 0.0398552 1.32588 2.1151 14037.029
2460900.84180556 1.0220984 0.03977045 1.32522 2.1631 14019.501
2460900.84195602 0.9962068 0.03973773 1.32458 2.2339 14041.819
2460900.84210648 1.003054 0.03956693 1.32393 2.1236 14024.713
2460900.84225694 0.9291675 0.03945382 1.32328 2.0841 14047.051
2460900.84240741 0.97863835 0.0394594 1.32263 2.1817 14054.312
2460900.8425463 0.97807866 0.03973091 1.32199 2.1803 14047.747
2460900.84269676 1.0143176 0.03992097 1.32135 2.1864 14057.421
2460900.84284722 0.97600996 0.03944577 1.3207 2.1204 14038.582
2460900.84299769 1.0213724 0.0398308 1.32007 2.0559 14050.085
2460900.84314815 0.99692005 0.03968715 1.31943 2.1581 14056.731
2460900.84329861 1.050373 0.03984344 1.3188 2.2607 14031.386
2460900.84344907 0.9895388 0.03988426 1.31817 2.1599 14039.377
2460900.84358796 0.99054533 0.03925916 1.31754 2.0628 14023.727
2460900.84373843 0.9756055 0.0396811 1.31691 2.2214 14009.809
2460900.84388889 1.0377115 0.04005675 1.31628 2.2436 14036.356
2460900.84403935 0.9696438 0.03910015 1.31566 2.1293 14017.815
2460900.84418981 0.98237526 0.03947812 1.31504 2.1325 14013.033
2460900.84434028 1.0488617 0.04029843 1.31442 2.1258 13996.053
2460900.84447917 0.97832465 0.03935955 1.3138 2.1531 14049.267
2460900.84462963 0.9576014 0.03918879 1.31317 2.1616 14038.981
2460900.84478009 0.984639 0.03949262 1.31256 2.1592 14049.568
2460900.84493056 1.0292995 0.03991826 1.31194 2.3981 14040.715
2460900.84508102 0.962785 0.03936927 1.31133 2.1948 14029.756
2460900.84523148 0.9973075 0.03958741 1.31072 2.2116 14039.612
2460900.84538194 1.0566452 0.03974901 1.31012 2.1721 14042.143
2460900.84552083 0.9864944 0.03943087 1.30951 2.2084 14019.319
2460900.8456713 0.9921543 0.03961699 1.30891 2.2518 14026.682
2460900.84582176 0.9948926 0.03930166 1.30831 2.2063 14021.453
2460900.84597222 0.9775259 0.0386866 1.3077 2.2017 14006.229
2460900.84612269 1.0366533 0.03966688 1.3071 2.1404 14004.954
2460900.84627315 1.0144925 0.03940651 1.30651 2.1475 13979.232
2460900.84641204 1.0345278 0.03968643 1.30591 2.0588 13965.937
2460900.8465625 0.9333751 0.03892613 1.30532 2.0593 14006.626
2460900.84671296 1.0064245 0.03948216 1.30472 2.1629 14021.24
2460900.84686343 1.0333139 0.03973033 1.30413 2.2367 13980.944
2460900.84701389 1.0535883 0.03946844 1.30354 2.0074 13962.952
2460900.84716435 1.0374182 0.03952261 1.30294 2.1955 13920.201
2460900.84731482 0.9994122 0.03891963 1.30236 2.2173 13911.442
2460900.84746528 0.97471374 0.03897839 1.30178 2.2715 13881.396
2460900.84760417 0.9684116 0.03902948 1.3012 2.1129 13904.804
2460900.84775463 1.0020051 0.03901504 1.30062 2.091 13926.582
2460900.84790509 0.98084986 0.03942459 1.30004 2.1094 13957.986
2460900.84805556 1.0193514 0.0393746 1.29946 2.2419 13878.985
2460900.84820602 1.020567 0.03920756 1.29889 2.1619 13888.753
2460900.84835648 0.9970126 0.0392649 1.29831 2.154 13852.186
2460900.84849537 0.9615194 0.03874845 1.29775 2.0907 13842.014
2460900.84864583 0.99421436 0.03862355 1.29717 2.1908 13791.165
2460900.8487963 0.98425484 0.03895021 1.29661 2.1534 13792.737
2460900.84894676 1.0073392 0.03912699 1.29604 2.2031 13825.549
2460900.84909722 0.9765931 0.0388245 1.29546 2.0263 13850.653
2460900.84924769 0.96728563 0.03890577 1.2949 2.081 13843.463
2460900.84939815 1.046102 0.03908901 1.29434 2.1076 13787.542
2460900.84954861 1.0298319 0.03906558 1.29378 2.2501 13780.926
2460900.8496875 0.9059889 0.03850689 1.29322 2.2711 13799.511
2460900.84983796 1.0049005 0.03889665 1.29267 2.2237 13749.99
2460900.84998843 1.0286652 0.03904038 1.29212 2.2444 13742.771
2460900.85013889 0.9714113 0.03889317 1.29156 2.1779 13774.276
2460900.85028935 0.9781527 0.03866592 1.29101 2.1409 13705.878
2460900.85043981 1.0306398 0.03902553 1.29046 2.1419 13715.979
2460900.8505787 0.945874 0.03871687 1.28991 2.1324 13717.627
2460900.85072917 1.0507714 0.03910578 1.28937 2.1739 13725.942
2460900.85087963 0.99831295 0.03851222 1.28882 2.2766 13714.278
2460900.85103009 1.0566844 0.03896389 1.28828 2.1729 13698.204
2460900.85118056 0.9963032 0.03847089 1.28774 2.1743 13686.898
2460900.85133102 0.9739536 0.03840868 1.28719 2.0868 13670.979
2460900.85148148 0.9937324 0.03866129 1.28666 2.1887 13709.203
2460900.85163194 0.998982 0.03856534 1.28612 2.1662 13664.737
2460900.85177083 1.0531005 0.03878427 1.28559 2.1805 13641.397
2460900.8519213 1.0030861 0.0386272 1.28506 2.2989 13637.669
2460900.85207176 1.0151198 0.03859674 1.28453 2.1269 13640.172
2460900.85222222 1.054944 0.03831089 1.284 2.0751 13611.29
2460900.85237268 0.9283123 0.03770711 1.28347 2.0736 13582.841
2460900.85252315 0.9956738 0.0386393 1.28295 2.1815 13614.993
2460900.85266204 1.0297124 0.03810141 1.28243 2.0371 13624.138
2460900.8528125 1.0285017 0.03893729 1.2819 2.1584 13622.257
2460900.85296296 0.9799029 0.03832389 1.28138 2.1146 13627.104
2460900.85311343 1.0227207 0.03853193 1.28087 2.1821 13629.829
2460900.85326389 1.0142411 0.0386805 1.28035 2.1221 13604.176
2460900.85341435 0.9286689 0.03826695 1.27983 2.1711 13593.532
2460900.85356481 1.048477 0.03867757 1.27931 2.2844 13611.14
2460900.8537037 1.0084014 0.03833942 1.27879 2.1937 13612.935
2460900.85385417 0.9941365 0.03849976 1.27828 2.2129 13571.887
2460900.85400463 0.97043157 0.03815 1.27777 2.0928 13596.982
2460900.85415509 1.0446593 0.03888321 1.27727 2.2883 13555.425
2460900.85430556 0.95071363 0.03770009 1.27676 2.1358 13533.283
2460900.85445602 0.97881556 0.03782275 1.27625 2.2006 13519.391
2460900.85460648 1.0715185 0.03814283 1.27576 2.1996 13518.634
2460900.85474537 1.0012488 0.03824843 1.27525 2.18 13544.398
2460900.85489583 0.9511908 0.03777805 1.27475 2.1226 13519.743
2460900.8550463 1.0041873 0.0382555 1.27426 2.2089 13504.746
2460900.85519676 0.96030724 0.03801627 1.27376 2.2459 13516.55
2460900.85534722 0.9627537 0.03786117 1.27327 2.0604 13490.245
2460900.85549769 0.9675861 0.03781499 1.27277 2.0759 13512.978
2460900.85563657 1.067258 0.0384612 1.27228 2.1492 13518.539
2460900.85578704 0.98381746 0.03798758 1.27179 2.1 13527.082
2460900.8559375 0.9835408 0.03787708 1.2713 2.015 13503.615
2460900.85608796 1.0315909 0.03808355 1.27081 2.1584 13479.995
2460900.85623843 1.0473707 0.03819244 1.27033 2.1073 13500.326
2460900.85638889 1.0044651 0.03832642 1.26984 2.1377 13522.017
2460900.85652778 1.0197569 0.03787569 1.26936 2.1647 13484.243
2460900.85667824 1.0261316 0.0380609 1.26888 2.1661 13487.597
2460900.8568287 0.9876682 0.03790961 1.2684 2.1561 13481.243
2460900.85697917 0.9744979 0.03749904 1.26792 2.1332 13477.998
2460900.85712963 1.0441277 0.03827923 1.26745 2.2323 13492.711
2460900.85728009 1.024348 0.03814038 1.26697 2.2519 13496.093
2460900.85741898 0.9955547 0.03793183 1.2665 2.165 13477.076
2460900.85756944 0.99876106 0.03787702 1.26603 2.1462 13500.916
2460900.85771991 1.0857527 0.03848452 1.26556 2.2339 13500.123
2460900.85787037 0.9683197 0.03779797 1.26509 2.1857 13478.228
2460900.85802083 0.9959139 0.03817425 1.26461 2.0693 13493.472
2460900.8581713 1.0699328 0.03801136 1.26415 2.127 13478.901
2460900.85832176 1.0453885 0.03787631 1.26368 2.1333 13479.54
2460900.85847222 0.95354635 0.03761249 1.26322 2.1018 13483.317
2460900.85862269 1.020334 0.03795903 1.26276 2.1696 13496.601
2460900.85876157 1.0136087 0.0382097 1.2623 2.1385 13508.084
2460900.85891204 1.0336244 0.03803347 1.26184 2.0546 13452.585
2460900.85909722 0.9800499 0.03758188 1.26129 2.1775 13491.782
2460900.85924769 1.0419412 0.03822029 1.26084 2.1707 13482.492
2460900.85938657 1.0324051 0.03815898 1.26038 2.1051 13454.307
2460900.85953704 1.0239658 0.03797978 1.25993 2.1897 13440.279
2460900.8596875 1.01756 0.03787257 1.25949 2.2042 13452.387
2460900.85983796 0.98511845 0.03774502 1.25904 2.2868 13451.609
2460900.85998843 1.0067496 0.0377387 1.25859 2.1127 13444.004
2460900.86013889 1.043786 0.03797479 1.25814 2.1541 13469.223
2460900.86028935 0.9677385 0.03786956 1.25769 2.1865 13424.15
2460900.86042824 0.98732436 0.03763242 1.25725 2.117 13435.624
2460900.8605787 0.9976967 0.03776941 1.25681 2.2057 13421.039
2460900.86072917 1.0205626 0.03787057 1.25637 2.0763 13420.353
2460900.86087963 0.9728452 0.03761351 1.25593 2.0947 13433.154
2460900.86103009 1.0403223 0.0378309 1.25549 2.0029 13413.759
2460900.86118056 0.99220604 0.03755051 1.25506 2.1934 13394.093
2460900.86131944 0.9844738 0.03743077 1.25462 2.1663 13394.592
2460900.86146991 1.0171255 0.03774825 1.25419 2.2489 13401.646
2460900.86162037 1.0061201 0.03728168 1.25376 2.2002 13390.44
2460900.86177083 0.9477526 0.03701654 1.25333 2.1421 13422.217
2460900.8619213 1.0157075 0.03769847 1.2529 2.1461 13408.558
2460900.86207176 0.98124844 0.03756544 1.25248 2.2195 13403.065
2460900.86222222 0.9931298 0.03791188 1.25205 2.1985 13385.47
2460900.86236111 1.00446 0.03751374 1.25163 2.1752 13407.88
2460900.86251157 1.0136906 0.03754587 1.2512 2.1066 13412.293
2460900.86266204 1.0260984 0.03767224 1.25077 2.173 13380.552
2460900.8628125 1.0234706 0.03785314 1.25036 2.1773 13419.032
2460900.86296296 0.9984621 0.03779763 1.24994 2.2199 13415.907
2460900.86311343 1.0539981 0.03790973 1.24952 2.1465 13400.146
2460900.86326389 1.0460938 0.03811262 1.24911 2.246 13402.042
2460900.86341435 1.0351897 0.03757251 1.2487 2.1849 13391.388
2460900.86355324 0.9583896 0.03738287 1.24829 2.1842 13398.094
2460900.8637037 1.0066804 0.03752921 1.24787 2.0309 13381.447
2460900.86385417 0.95477784 0.03707126 1.24747 2.1902 13365.033
2460900.86400463 0.9977202 0.03746493 1.24706 2.1375 13355.238
2460900.86415509 1.0395548 0.03754946 1.24665 2.2146 13369.119
2460900.86430556 0.9959131 0.03717113 1.24625 2.1234 13351.214
2460900.86444444 1.0271971 0.03748929 1.24585 2.1001 13354.02
2460900.86459491 1.0496919 0.03758819 1.24545 2.1001 13352.689
2460900.86474537 1.0274196 0.03710657 1.24504 2.205 13351.961
2460900.86489583 0.9526933 0.03619645 1.24464 2.1661 13437.848
2460900.8650463 0.9975619 0.03753142 1.24424 2.1088 13332.45
2460900.86519676 1.0294921 0.03717424 1.24384 2.0275 13312.521
2460900.86534722 0.9776404 0.03707215 1.24345 2.1438 13327.257
2460900.86549769 1.0008377 0.03718605 1.24306 2.1099 13317.662
2460900.86563657 1.0615103 0.03788688 1.24266 2.1748 13338.636
2460900.86578704 0.9779406 0.03720645 1.24227 2.0612 13321.388
2460900.8659375 0.9617971 0.03702013 1.24188 2.1694 13331.345
2460900.86608796 0.99711335 0.0371392 1.2415 2.1685 13342.355
2460900.86623843 1.0311801 0.03740758 1.24111 2.2052 13319.98
2460900.86638889 1.0528251 0.03752372 1.24072 2.1827 13343.178
2460900.86652778 0.9988182 0.03722091 1.24034 2.1991 13313.97
2460900.86667824 0.9853747 0.03708549 1.23996 2.1556 13310.887
2460900.8668287 0.98972267 0.03731082 1.23957 2.1545 13329.109
2460900.86697917 0.94874656 0.03698729 1.23919 2.115 13318.169
2460900.86712963 0.99760354 0.03735021 1.23881 2.2542 13326.825
2460900.86728009 0.9702144 0.03698466 1.23843 2.1617 13317.641
2460900.86743056 1.006539 0.03726904 1.23806 2.2605 13300.803
2460900.86756944 0.97307473 0.03698658 1.23768 2.2202 13301.419
2460900.86771991 1.0396838 0.03774567 1.23731 2.2226 13268.895
2460900.86787037 1.0315306 0.03737779 1.23694 2.135 13254.281
2460900.86802083 1.0219632 0.03707922 1.23657 2.1267 13279.211
2460900.8681713 1.0446233 0.0371504 1.2362 2.2121 13262.058
2460900.86832176 1.021054 0.03723035 1.23584 2.1512 13256.542
2460900.86846065 1.0398338 0.03733439 1.23547 2.1777 13242.094
2460900.86861111 1.0415448 0.03727738 1.23511 2.074 13222.073
2460900.86876157 1.0344992 0.0372279 1.23475 2.1483 13227.128
2460900.86891204 1.0435547 0.0371603 1.23438 2.0554 13208.736
2460900.8690625 1.0093651 0.03716437 1.23402 2.0986 13205.136
2460900.86921296 1.0029912 0.03705582 1.23366 2.1653 13180.833
2460900.86936343 1.0141287 0.03699499 1.2333 2.1825 13201.928
2460900.86950231 0.9711836 0.03651061 1.23294 2.2212 13202.239
2460900.86965278 1.0194187 0.0371093 1.23259 2.0764 13231.586
2460900.86980324 1.0223775 0.03721841 1.23224 2.1027 13220.723
2460900.8699537 0.9530442 0.03668096 1.23188 2.1667 13246.993
2460900.87010417 0.98121595 0.03663702 1.23153 2.1428 13221.943
2460900.87025463 0.99236846 0.03688981 1.23118 2.22 13209.544
2460900.87039352 1.0005182 0.03707774 1.23084 2.1408 13247.166
2460900.87054398 1.0010147 0.03691084 1.23049 2.1538 13212.403
2460900.87069444 0.9927354 0.03725172 1.23014 2.0734 13221.82
2460900.87084491 0.98171985 0.03684974 1.2298 2.1196 13221.909
2460900.87099537 0.9524398 0.03674869 1.22945 2.1988 13215.631
2460900.87114583 1.032491 0.0371064 1.22912 2.1413 13195.451
2460900.87128472 1.0413827 0.03720072 1.22878 2.1094 13200.204
2460900.87143518 1.0474923 0.03706796 1.22843 2.2023 13185.388
2460900.87158565 0.997245 0.03655999 1.22809 2.1712 13150.607
2460900.87173611 0.9879111 0.03711489 1.22776 2.0843 13173.01
2460900.87188657 1.0470697 0.03708537 1.22742 2.0551 13144.151
2460900.87203704 1.0623276 0.03668317 1.22709 2.0518 13136.898
2460900.8721875 0.98525864 0.03661583 1.22676 2.2398 13136.09
2460900.87232639 1.0302678 0.03698685 1.22643 2.1068 13140.107
2460900.87247685 1.0279933 0.03710682 1.2261 2.097 13129.117
2460900.87262731 1.038199 0.03703088 1.22577 2.1428 13145.147
2460900.87277778 1.0180519 0.03697523 1.22544 2.1733 13148.826
2460900.87292824 1.0383395 0.03712068 1.22512 2.1367 13127.225
2460900.8730787 1.0095444 0.03667875 1.22479 2.0655 13167.51
2460900.87321759 1.0446253 0.03686232 1.22447 2.0992 13155.135
2460900.87336806 0.97968096 0.03632859 1.22415 2.2549 13148.67
2460900.87351852 0.9692297 0.03652996 1.22383 2.1696 13165.264
2460900.87366898 1.0152073 0.03679789 1.22351 2.124 13164.896
2460900.87381944 0.98020536 0.03668166 1.22319 2.1652 13188.199
2460900.87396991 1.0121465 0.03679375 1.22288 2.123 13177.197
2460900.8741088 0.9942896 0.03657246 1.22256 2.0606 13171.095
2460900.87425926 0.98919 0.03686565 1.22225 2.2013 13174.438
2460900.87440972 1.01521 0.03696759 1.22193 2.2455 13157.429
2460900.87456018 0.98544854 0.03680195 1.22162 2.1679 13176.971
2460900.87471065 0.98489714 0.03644994 1.22132 2.04 13193.591
2460900.87486111 1.023043 0.03705689 1.22101 2.2287 13184.39
2460900.875 1.0059822 0.03690148 1.2207 2.0244 13185.515
2460900.87515046 1.0147094 0.03697457 1.22039 2.1508 13172.398
2460900.87530093 0.9807296 0.03687121 1.22009 2.2704 13197.956
2460900.87545139 1.0310255 0.03703207 1.21979 2.16 13185.235
2460900.87560185 1.0200963 0.03695513 1.21948 2.2907 13147.329
2460900.87575231 0.99461764 0.03654357 1.21918 2.1448 13178.997
2460900.87590278 1.0490758 0.03688175 1.21888 2.1419 13154.894
2460900.87604167 0.99247056 0.03677802 1.21858 2.1499 13169.01
2460900.87619213 1.0114228 0.0370487 1.21829 2.1357 13156.872
2460900.87634259 1.0615 0.03696576 1.21799 2.1891 13152.804
2460900.87649306 1.0371912 0.03691802 1.2177 2.1929 13153.413
2460900.87664352 1.0304774 0.03703594 1.2174 2.2227 13158.106
2460900.87678241 1.0058708 0.03668685 1.21711 2.1468 13165.6
2460900.87693287 1.0182847 0.0367753 1.21682 2.1365 13166.121
2460900.87708333 1.0175785 0.03676838 1.21653 2.1071 13138.065
2460900.8772338 1.0396792 0.03649364 1.21625 2.179 13140.683
2460900.87738426 1.0241269 0.03696569 1.21596 2.1326 13117.35
2460900.87753472 1.0031409 0.03673153 1.21567 2.1246 13149.867
2460900.87768519 1.0789374 0.03684126 1.21539 2.1782 13134.499
2460900.87782407 1.0105572 0.03641049 1.2151 2.1882 13131.878
2460900.87797454 1.0218039 0.0369633 1.21482 2.0862 13150.084
2460900.878125 0.9940081 0.03656346 1.21453 2.1529 13145.504
2460900.87827546 1.033605 0.03706014 1.21426 2.177 13164.407
2460900.87842593 1.0537299 0.03693549 1.21398 2.1058 13185.59
2460900.87857639 0.9802019 0.03668853 1.2137 2.1942 13153.176
2460900.87872685 1.0285622 0.03688599 1.21343 2.1031 13151.289
2460900.87886574 1.040193 0.03665617 1.21315 2.15 13176.371
2460900.8790162 0.9908013 0.03646096 1.21288 2.2174 13173.564
2460900.87916667 1.0313171 0.03693869 1.21261 2.1696 13196.402
2460900.87931713 0.97816247 0.03682201 1.21233 2.1221 13203.224
2460900.87946759 0.9933145 0.03653672 1.21207 2.214 13196.05
2460900.87961806 1.0596665 0.03714716 1.2118 2.1201 13226.79
2460900.87975694 1.0236545 0.03711736 1.21153 2.1686 13233.647
2460900.87990741 1.0474645 0.03756248 1.21127 2.174 13264.478
2460900.88005787 1.0159158 0.03699978 1.211 2.1431 13244.517
2460900.88020833 1.0223311 0.03714613 1.21074 2.2079 13257.374
2460900.8803588 0.90308917 0.03625358 1.21047 2.1978 13253.14
2460900.88050926 0.93885064 0.03653616 1.21021 2.2617 13225.244
2460900.88065972 1.0 0.0370593 1.20995 2.1333 13258.16
2460900.88081019 0.9021374 0.03636818 1.2097 2.0759 13218.831
2460900.88094907 0.9683452 0.03674728 1.20944 2.23 13234.34
2460900.88109954 0.928883 0.03621391 1.20918 2.1038 13222.511
2460900.88125 0.9623181 0.03636737 1.20893 2.2926 13234.006
2460900.88140046 0.942795 0.03662886 1.20868 2.2423 13236.312
2460900.88155093 1.0303485 0.03688803 1.20843 2.2004 13222.568
2460900.88170139 0.9840095 0.03641148 1.20818 2.1749 13219.722
2460900.88184028 0.9737418 0.03617323 1.20793 2.1383 13200.965
2460900.88199074 0.960074 0.03662122 1.20769 2.1228 13163.032
2460900.8821412 0.96321946 0.03628641 1.20744 2.2087 13197.339
2460900.88229167 1.0213165 0.03672637 1.20719 2.1043 13170.825
2460900.88244213 0.9933122 0.03673286 1.20695 2.2099 13159.407
2460900.88259259 1.016177 0.03696032 1.2067 2.2602 13185.267
2460900.88273148 1.0304776 0.03675912 1.20646 2.2078 13167.88
2460900.88288194 1.0273226 0.03669677 1.20622 2.0694 13184.312
2460900.88303241 1.0555493 0.03692252 1.20598 2.1254 13187.187
2460900.88318287 0.98473805 0.03681029 1.20574 2.2323 13201.902
2460900.88333333 1.0177163 0.03703835 1.2055 2.1965 13193.501
2460900.8834838 0.9964413 0.03674698 1.20526 2.1782 13216.14
2460900.88362268 1.0168582 0.0367593 1.20503 2.1435 13201.52
2460900.88377315 1.0047127 0.03660456 1.2048 2.1883 13203.949
2460900.88392361 1.0344212 0.03699468 1.20456 2.2318 13183.032
2460900.88407407 1.0190785 0.03674065 1.20433 2.1261 13204.193
2460900.88422454 1.0383818 0.03693246 1.2041 2.1281 13201.228
2460900.884375 1.0290403 0.0366101 1.20387 2.1623 13206.441
2460900.88451389 1.0348086 0.03689243 1.20365 2.1548 13199.62
2460900.88466435 1.0114961 0.0365734 1.20342 2.202 13219.627
2460900.88481481 1.0011082 0.03656368 1.20319 2.148 13217.938
2460900.88496528 0.9727324 0.03645667 1.20296 2.1444 13230.003
2460900.88511574 1.0177146 0.03664253 1.20274 2.1481 13206.495
2460900.8852662 0.994826 0.03670548 1.20252 2.1538 13204.685
2460900.88541667 1.0453595 0.03678753 1.2023 2.1686 13194.515
2460900.88556713 1.0172812 0.03666288 1.20208 2.1437 13206.833
2460900.88570602 1.0187979 0.03673049 1.20186 2.1129 13202.863
2460900.88585648 1.0754424 0.03708706 1.20164 2.0627 13191.071
2460900.88600694 0.97946054 0.03663844 1.20143 2.1175 13203.234
2460900.88615741 0.97668195 0.03645258 1.20121 2.0508 13181.224
2460900.88630787 1.0582378 0.03681729 1.201 2.152 13191.016
2460900.88645833 0.9918621 0.03633655 1.20078 2.0455 13161.034
2460900.88659722 1.0227467 0.03708253 1.20058 2.2006 13169.572
2460900.88674769 0.9993545 0.03655411 1.20036 2.207 13156.145
2460900.88689815 1.0493665 0.03677762 1.20015 2.0843 13170.821
2460900.88704861 1.0287396 0.03676702 1.19994 2.169 13134.368
2460900.88719907 1.0430245 0.03675026 1.19974 2.1397 13139.195
2460900.88734954 1.0472413 0.03632223 1.19953 2.1874 13120.597
2460900.8875 1.0442314 0.0366073 1.19933 2.076 13120.55
2460900.88765046 1.0375108 0.0365147 1.19912 2.2365 13139.4
2460900.88778935 1.0263891 0.03649618 1.19892 2.2965 13120.495
2460900.88793981 0.9959875 0.0363747 1.19873 2.2029 13127.837
2460900.88809028 0.96746176 0.03623782 1.19852 2.1835 13117.426
2460900.88824074 0.9829231 0.0360139 1.19833 2.2202 13117.19
2460900.8883912 1.0547433 0.03646116 1.19813 2.1326 13122.913
2460900.88854167 0.9900125 0.03612139 1.19793 2.1629 13116.762
2460900.88868056 0.9926284 0.03651748 1.19774 2.1379 13115.159
2460900.88883102 1.0960369 0.03717227 1.19755 2.1341 13125.104
2460900.88898148 1.057542 0.03671766 1.19735 2.1871 13125.646
2460900.88913194 1.0158305 0.036622 1.19716 2.0821 13136.555
2460900.88928241 1.0263636 0.03656121 1.19697 2.0867 13148.489
2460900.88943287 1.0291606 0.03657124 1.19678 2.2041 13155.442
2460900.88958333 1.063818 0.03686428 1.1966 1.9437 13158.684
2460900.8897338 1.0180038 0.03657253 1.19641 2.2087 13145.894
2460900.88987269 0.98846394 0.03618637 1.19623 2.1784 13186.463
2460900.89002315 1.0564117 0.03673745 1.19604 2.145 13178.004
2460900.89017361 0.9917911 0.03612917 1.19586 2.1126 13178.489
2460900.89032407 1.0044101 0.03626436 1.19568 2.2241 13144.007
2460900.89047454 1.0289036 0.03640826 1.1955 2.1929 13167.155
2460900.890625 0.9782193 0.03651572 1.19532 2.2516 13165.485
2460900.89076389 1.071221 0.03679022 1.19514 2.1403 13166.718
2460900.89091435 1.0388727 0.03703107 1.19497 2.3413 13138.374
2460900.89106481 0.9466801 0.03604108 1.19479 2.2998 13125.534
2460900.89121528 1.0281434 0.0365699 1.19462 2.1959 13122.696
2460900.89136574 0.9938856 0.03593229 1.19444 2.2222 13122.528
2460900.8915162 1.0394024 0.03659143 1.19427 2.1959 13127.157
2460900.89166667 1.0546596 0.03675283 1.1941 2.1904 13122.953
2460900.89181713 1.0127558 0.03656981 1.19393 2.1584 13144.594
2460900.89195602 0.98621 0.0365372 1.19376 2.195 13139.976
2460900.89210648 1.0402808 0.03658184 1.19359 2.2292 13141.31
2460900.89225694 0.9758311 0.03587496 1.19342 2.1991 13127.217
2460900.89240741 1.0094217 0.03640951 1.19326 2.138 13128.839
2460900.89255787 1.0295975 0.03680445 1.19309 2.2758 13145.404
2460900.89270833 1.0251662 0.03669422 1.19293 2.2545 13138.614
2460900.89284722 1.0323974 0.03645419 1.19277 2.1436 13154.188
2460900.89299769 1.0023571 0.03617096 1.19261 2.0891 13175.631
2460900.89314815 0.99598265 0.03619107 1.19245 2.1134 13180.771
2460900.89329861 1.057975 0.03654116 1.19229 2.1514 13173.09
2460900.89344907 0.97258496 0.03651961 1.19214 2.1589 13195.342
2460900.89359954 0.99478674 0.03664326 1.19198 2.2387 13192.135
2460900.89375 1.0309662 0.03640346 1.19182 2.1952 13188.408
2460900.89388889 1.0438112 0.03692432 1.19167 2.0648 13217.712
2460900.89403935 1.041709 0.03676313 1.19152 2.1454 13219.42
2460900.89418982 1.0089716 0.03645281 1.19137 2.0964 13237.498
2460900.89434028 1.0055104 0.03652757 1.19122 2.1649 13239.741
2460900.89449074 1.009134 0.03652789 1.19107 2.1741 13260.419
2460900.8946412 1.0230885 0.03655295 1.19092 2.2239 13251.65
2460900.89478009 1.0161175 0.0366412 1.19078 2.3387 13253.851
2460900.89493056 0.9814932 0.03643558 1.19063 2.1782 13259.062
2460900.89508102 1.0068905 0.03649243 1.19049 2.2227 13278.418
2460900.89523148 1.0232941 0.03641547 1.19034 2.1793 13267.371
2460900.89538194 1.0710021 0.03696969 1.1902 2.2242 13272.985
2460900.89553241 1.018786 0.03673852 1.19006 2.2337 13269.459
2460900.8956713 1.0098748 0.03650195 1.18992 2.1005 13274.355
2460900.89582176 1.0401305 0.03643395 1.18979 2.1912 13250.37
2460900.89597222 1.0253956 0.03648092 1.18965 2.2408 13230.173
2460900.89612269 1.0577554 0.03690158 1.18951 2.2412 13232.288
2460900.89627315 0.9914767 0.03624963 1.18938 2.1408 13238.479
2460900.89642361 1.0293577 0.03615582 1.18924 2.1983 13192.002
2460900.89657407 1.0570247 0.03679066 1.18911 2.1376 13220.461
2460900.89671296 0.9951535 0.03649072 1.18898 2.1521 13222.385
2460900.89686343 0.9992934 0.03627098 1.18885 2.2283 13214.715
2460900.89701389 0.96909916 0.0362782 1.18872 2.1461 13232.893
2460900.89716435 0.98650414 0.03647644 1.18859 2.2652 13228.815
2460900.89731481 1.0412688 0.03631468 1.18846 2.1996 13201.32
2460900.89746528 1.0178498 0.03652472 1.18834 2.0195 13185.149
2460900.89760417 1.0774231 0.03727564 1.18821 2.111 13223.238
2460900.89775463 1.0560175 0.03702323 1.18809 2.265 13230.12
2460900.89790509 1.0079148 0.03662103 1.18797 2.2118 13219.771
2460900.89805556 1.0289838 0.03664834 1.18785 2.0011 13221.145
2460900.89820602 1.0302776 0.03674764 1.18772 2.3056 13233.336
2460900.89835648 0.99850315 0.03660897 1.1876 2.1481 13234.54
2460900.89850694 1.0327553 0.03664235 1.18749 2.1903 13230.126
2460900.89865741 1.0454873 0.03719056 1.18737 2.2539 13235.676
2460900.8987963 1.0689516 0.03663651 1.18725 2.2196 13240.695
2460900.89894676 1.0571858 0.0365116 1.18714 2.2591 13236.485
2460900.89909722 1.0174849 0.03629931 1.18702 2.1019 13247.744
2460900.89924768 1.0482991 0.03669379 1.18691 2.2767 13251.404
2460900.89939815 1.0124257 0.03651173 1.1868 2.1779 13238.645
2460900.89954861 1.0415359 0.03674269 1.18669 2.1982 13252.91
2460900.8996875 1.0249145 0.03646017 1.18658 2.1035 13224.12
2460900.89983796 1.0189823 0.03659073 1.18647 2.1181 13260.157
2460900.89998843 1.0826409 0.03687947 1.18637 2.1523 13283.434
2460900.90013889 0.99874187 0.03618222 1.18626 2.1784 13245.797
2460900.90028935 1.0049629 0.03641786 1.18615 2.1689 13258.551
2460900.90043981 1.040118 0.03667864 1.18605 2.1995 13243.862
2460900.90059028 1.02489 0.03633934 1.18595 2.2021 13252.519
2460900.90074074 0.95129883 0.03622918 1.18584 2.1929 13257.875
2460900.90087963 1.0208887 0.03666255 1.18574 2.1401 13259.174
2460900.90103009 1.0963035 0.03702259 1.18565 2.2811 13253.933
2460900.90118056 1.006083 0.03607295 1.18555 2.1603 13258.389
2460900.90133102 1.0173498 0.03638625 1.18545 2.2086 13276.135
2460900.90148148 1.0165316 0.03634676 1.18535 2.2206 13270.846
2460900.90163194 1.0521052 0.03648295 1.18526 2.075 13241.726
2460900.90177083 1.069679 0.03687858 1.18517 2.083 13244.339
2460900.9019213 1.1055628 0.0370776 1.18508 2.1636 13233.863
2460900.90207176 1.0311924 0.03654475 1.18498 2.0496 13243.928
2460900.90222222 1.0365971 0.03656609 1.1849 2.1583 13237.595
2460900.90237269 1.020725 0.0368325 1.18481 2.3606 13228.595
2460900.90252315 1.0431453 0.03686124 1.18472 2.2474 13234.583
2460900.90267361 1.0236144 0.03671236 1.18463 2.0894 13237.919
2460900.90282407 0.95685273 0.03610787 1.18455 2.1063 13218.017
2460900.90296296 1.0550802 0.03655625 1.18446 2.1637 13216.857
2460900.90311343 1.0898266 0.03671629 1.18438 2.169 13210.464
2460900.90326389 1.0339576 0.0364262 1.1843 2.2908 13241.521
2460900.90341435 1.0280057 0.03651948 1.18422 2.2001 13242.157
2460900.90356481 0.974035 0.03597071 1.18414 2.2562 13230.812
2460900.90371528 0.974452 0.03658513 1.18406 2.259 13264.301
2460900.90386574 1.0113873 0.03639678 1.18398 2.1952 13256.999
2460900.90400463 1.0339195 0.03641845 1.1839 2.2345 13235.831
2460900.90415509 1.001877 0.0363321 1.18383 2.2414 13240.835
2460900.90430556 0.9874465 0.03640878 1.18375 2.1064 13225.604
2460900.90445602 1.0644009 0.03700761 1.18368 2.1886 13237.032
2460900.90460648 1.0594566 0.0370758 1.18361 2.2095 13221.034
2460900.90475694 1.005477 0.0364581 1.18354 2.1972 13237.903
2460900.90490741 1.0010899 0.03640131 1.18347 2.1396 13229.575
2460900.9050463 0.9792293 0.0368342 1.1834 2.1364 13277.845
2460900.90519676 0.9742826 0.03609109 1.18333 2.1898 13258.0
2460900.90534722 1.0179007 0.03680062 1.18326 2.2635 13251.017
2460900.90549769 1.0443597 0.03693505 1.1832 2.2101 13261.772
2460900.90564815 0.98024464 0.03652907 1.18313 2.1922 13262.96
2460900.90579861 1.069495 0.03667191 1.18307 2.2406 13227.198
2460900.9059375 1.0338324 0.03644635 1.18301 2.2029 13254.924
2460900.90608796 1.0286785 0.03666271 1.18295 2.201 13285.137
2460900.90623843 1.0322483 0.03652706 1.18289 2.1548 13260.113
2460900.90638889 0.9876394 0.03660831 1.18283 2.3177 13283.611
2460900.90653935 1.0579623 0.03647577 1.18277 2.1797 13283.316
2460900.90668981 1.0014085 0.03623366 1.18272 2.2718 13274.419
2460900.9068287 1.0220344 0.03645719 1.18266 2.2116 13282.126
2460900.90697917 1.0117686 0.03639791 1.1826 2.1448 13300.568
2460900.90712963 1.0191618 0.03684448 1.18255 2.1567 13301.047
2460900.90728009 1.2287802 0.03739729 1.1825 2.0805 13337.26
2460900.90743056 1.0355774 0.03635951 1.18245 2.1021 13293.375
2460900.90758102 1.0294528 0.03663923 1.1824 2.1788 13317.441
2460900.90773148 0.9996258 0.0363916 1.18235 2.1602 13295.766
2460900.90788194 1.0372064 0.036644 1.1823 2.2177 13296.697
2460900.90802083 1.0084165 0.03614887 1.18226 2.2707 13291.639
2460900.9081713 0.9845984 0.03634656 1.18221 2.1618 13293.097
2460900.90832176 1.0228429 0.03627931 1.18217 2.2656 13305.579
2460900.90847222 1.0074664 0.0363646 1.18212 2.2965 13288.476
2460900.90862269 1.0527719 0.03696752 1.18208 2.214 13274.031
2460900.90877315 1.0502169 0.03664697 1.18204 2.0473 13269.527
2460900.90891204 1.0398424 0.03679411 1.182 2.1724 13293.053
2460900.9090625 1.0180483 0.03652978 1.18196 2.2708 13329.507
2460900.90921296 1.0298 0.03641423 1.18192 2.1518 13341.979
2460900.90936343 1.0252901 0.03706776 1.18189 2.2274 13363.211
2460900.90951389 0.9936552 0.03705448 1.18185 2.3396 13356.884
2460900.90966435 1.0173607 0.03675608 1.18182 2.1865 13334.717
2460900.90981482 1.0646217 0.0367839 1.18178 2.2681 13304.209
2460900.9099537 1.0298373 0.03668889 1.18175 2.1205 13316.846
2460900.91010417 1.0284901 0.03646777 1.18172 2.1607 13292.505
2460900.91025463 1.0037215 0.03658279 1.18169 2.2359 13305.085
2460900.91040509 0.9822593 0.03662384 1.18166 2.2251 13321.097
2460900.91055556 0.9985995 0.03664947 1.18163 2.261 13342.436
2460900.91070602 1.0167067 0.03674824 1.18161 2.3375 13383.176
2460900.91085648 1.0054024 0.03662605 1.18158 2.2519 13420.727
2460900.91099537 1.0037007 0.03663048 1.18156 2.202 13425.336
2460900.91114583 1.0033933 0.03659082 1.18153 2.2762 13406.453
2460900.9112963 1.0503135 0.03677447 1.18151 2.1504 13409.535
2460900.91144676 1.0628799 0.03665847 1.18149 2.1038 13392.034
2460900.91159722 1.0551735 0.03653535 1.18147 2.1514 13378.365
2460900.91174769 1.0407462 0.03679473 1.18145 2.1819 13378.812
2460900.91189815 1.0032601 0.03654516 1.18143 2.1719 13411.462
2460900.91203704 1.0118169 0.03624985 1.18142 2.1753 13416.529
2460900.9121875 1.0446638 0.0367615 1.1814 2.0551 13420.697
2460900.91233796 1.052793 0.03690397 1.18139 2.1065 13428.509
2460900.91248843 1.0652333 0.03682144 1.18137 2.1514 13450.584
2460900.91263889 1.0003399 0.0364412 1.18136 2.1995 13432.838
2460900.91278935 1.0509908 0.03666366 1.18135 2.2163 13450.318
2460900.91292824 1.0503674 0.03685228 1.18134 2.1644 13417.364
2460900.9130787 1.0385358 0.03642889 1.18133 2.0711 13424.084
2460900.91322917 1.0234512 0.03641827 1.18132 2.1582 13461.204
2460900.91337963 1.0328884 0.03668284 1.18132 2.1307 13479.409
2460900.91353009 1.0238012 0.03654548 1.18131 2.0861 13511.602
2460900.91368056 1.0822237 0.03687374 1.18131 2.1871 13485.721
2460900.91383102 0.9946054 0.03622855 1.1813 2.0017 13492.993
2460900.91396991 0.97276276 0.03610405 1.1813 2.1722 13489.265
2460900.91412037 1.0428399 0.03655602 1.1813 2.0885 13478.182
2460900.91427083 1.01899 0.03637546 1.1813 2.1947 13450.066
2460900.9144213 1.0272082 0.03651048 1.1813 2.1058 13453.53
2460900.91457176 1.0845835 0.03672267 1.1813 2.23 13474.776
2460900.91472222 1.0265846 0.03663607 1.1813 2.1132 13511.895
2460900.91486111 1.0826547 0.03675486 1.18131 2.1742 13491.198
2460900.91501157 1.0248442 0.03667661 1.18131 2.1947 13537.622
2460900.91516204 1.0088087 0.0366223 1.18132 2.0561 13536.354
2460900.9153125 1.0867321 0.0371562 1.18133 2.0837 13505.698
2460900.91546296 1.0658746 0.03683187 1.18134 2.187 13456.687
2460900.91560185 1.0592082 0.03666884 1.18134 2.2351 13434.675
2460900.91575231 0.9983769 0.0364887 1.18135 2.1295 13430.309
2460900.91590278 0.994727 0.03648078 1.18137 2.1994 13453.322
2460900.91605324 1.0516323 0.0368614 1.18138 2.2552 13464.39
2460900.9162037 1.0422013 0.03681177 1.1814 2.1186 13478.944
2460900.91635417 1.0703567 0.03710777 1.18141 2.1195 13508.55
2460900.91650463 1.0362772 0.03681508 1.18142 2.178 13515.078
2460900.91664352 1.0489047 0.03684594 1.18144 2.228 13508.292
2460900.91679398 1.0232159 0.03638442 1.18146 2.1942 13505.662
2460900.91694444 0.9980911 0.03659453 1.18148 2.2621 13572.709
2460900.91709491 1.0100396 0.03677271 1.1815 2.2271 13550.825
2460900.91724537 1.0386395 0.03663956 1.18152 2.1297 13563.692
2460900.91739583 0.9992632 0.03683796 1.18155 2.0647 13581.039
2460900.91753472 1.1074582 0.03725954 1.18157 2.2539 13602.44
2460900.91768519 1.0606676 0.03683949 1.1816 2.1319 13608.11
2460900.91783565 1.000588 0.03674215 1.18162 2.1507 13583.505
2460900.91798611 1.0189297 0.03646978 1.18165 2.2089 13653.742
2460900.91813657 1.0353006 0.03693844 1.18168 2.1801 13689.913
2460900.91828704 1.0089895 0.03666833 1.18171 2.092 13671.153
2460900.9184375 1.0506264 0.03690635 1.18174 2.1111 13697.859
2460900.91858796 1.0319678 0.03680633 1.18177 2.2612 13687.019
2460900.91872685 1.0091561 0.03666609 1.1818 2.2061 13737.747
2460900.91887731 1.0029988 0.03693429 1.18184 2.2075 13715.927
2460900.91902778 1.0390711 0.036964 1.18187 2.011 13768.889
2460900.91917824 1.021046 0.03676917 1.18191 2.1697 13817.62
2460900.9193287 1.0569832 0.03711714 1.18194 2.1667 13789.804
2460900.91947917 1.0557612 0.03695062 1.18198 2.1169 13849.642
2460900.91961806 1.0416529 0.03695299 1.18202 2.1787 13854.8
2460900.91976852 1.0315549 0.0369864 1.18206 2.0799 13869.805
2460900.91991898 1.0539598 0.03713817 1.1821 2.1033 13886.211
2460900.92006944 1.0790849 0.03727788 1.18214 2.0977 13885.176
2460900.92021991 1.0238419 0.03686734 1.18219 2.1251 13911.504
2460900.92037037 1.0542487 0.03725539 1.18223 2.2342 13942.556
2460900.92052083 1.0095223 0.03708084 1.18228 2.074 14004.853
2460900.92065972 1.0431238 0.03734612 1.18233 2.0567 14011.017
2460900.92081019 1.1024996 0.03778842 1.18237 2.042 14039.169
2460900.92096065 1.0185564 0.03753114 1.18242 2.1672 14030.767
2460900.92111111 1.0507646 0.03742633 1.18247 2.1144 14068.629
2460900.92126157 1.0551614 0.03752123 1.18253 2.1695 14090.135
2460900.92141204 1.10152 0.03804183 1.18258 2.1137 14122.395
2460900.92155093 1.032897 0.0374965 1.18263 2.267 14159.805
2460900.92170139 1.0102178 0.03762321 1.18269 2.1665 14208.367
2460900.92185185 1.002653 0.03748132 1.18274 2.1424 14241.256
2460900.92200231 1.0363852 0.03837554 1.1828 2.3195 14288.613
2460900.92215278 0.9811977 0.03722597 1.18286 2.1938 14307.935
2460900.92229167 0.9932159 0.03716487 1.18292 2.0978 14371.429
