2460941.0814769999 1.0266996399 0.0039437720 1.5994510000 -0.0878220000 0.0077127037 1203.1586180000 800.0897080000
2460941.0817320002 1.0212243481 0.0039437720 1.5987170000 -0.0875669997 0.0076679794 1203.8680670000 799.8898560000
2460941.0819859998 1.0241051673 0.0039437720 1.5979850000 -0.0873130001 0.0076235600 1204.0369560000 799.7449230000
2460941.0822410001 1.0187426786 0.0039437720 1.5972540000 -0.0870579998 0.0075790953 1203.6201240000 799.7360790000
2460941.0824950002 1.0201049937 0.0039437720 1.5965250000 -0.0868039997 0.0075349344 1203.9065200000 799.2460240000
2460941.0827620002 1.0178228990 0.0039437720 1.5957660000 -0.0865369998 0.0074886523 1204.1055200000 798.8672030000
2460941.0830160002 1.0268992147 0.0039437720 1.5950410000 -0.0862829997 0.0074447560 1204.4102550000 798.5627330000
2460941.0832710001 1.0181526314 0.0039437720 1.5943170000 -0.0860279999 0.0074008168 1204.3839920000 797.8841440000
2460941.0835259999 1.0203045685 0.0039437720 1.5935960000 -0.0857730000 0.0073570075 1204.1840920000 798.1655870000
2460941.0837800000 1.0238188208 0.0039437720 1.5928760000 -0.0855190000 0.0073134994 1204.4526190000 797.9439780000
2460941.0840460001 1.0288081912 0.0039437720 1.5921260000 -0.0852529998 0.0072680740 1204.7181930000 798.9103780000
2460941.0843010000 1.0260488524 0.0039437720 1.5914100000 -0.0849979999 0.0072246600 1204.6965110000 799.0680620000
2460941.0845559998 1.0255716083 0.0039437720 1.5906960000 -0.0847430001 0.0071813761 1204.9601380000 799.1934650000
2460941.0848099999 1.0191591826 0.0039437720 1.5899840000 -0.0844890000 0.0071383911 1205.0687920000 799.0038770000
2460941.0850650002 1.0140743633 0.0039437720 1.5892730000 -0.0842339997 0.0070953667 1204.8729480000 798.7184960000
2460941.0853309999 1.0201570567 0.0039437720 1.5885330000 -0.0839680000 0.0070506250 1204.7698410000 798.8014540000
2460941.0855859998 1.0310295458 0.0039437720 1.5878260000 -0.0837130002 0.0070078664 1204.3839110000 798.3542180000
2460941.0858399998 1.0199748362 0.0039437720 1.5871210000 -0.0834590001 0.0069654047 1205.0634230000 798.0841830000
2460941.0861069998 1.0070024730 0.0039437720 1.5863860000 -0.0831920002 0.0069209089 1204.8574100000 798.4885190000
2460941.0863609998 1.0166861903 0.0039437720 1.5856840000 -0.0829380001 0.0068787119 1204.7018270000 798.6009480000
2460941.0866160002 1.0247472775 0.0039437720 1.5849850000 -0.0826829998 0.0068364785 1204.8296510000 799.1072340000
2460941.0868700002 1.0205735607 0.0039437720 1.5842870000 -0.0824289997 0.0067945400 1204.9791470000 799.7707090000
2460941.0871370002 1.0205909150 0.0039437720 1.5835600000 -0.0821619998 0.0067505942 1204.7065000000 799.6723390000
2460941.0873909998 1.0231159703 0.0039437720 1.5828660000 -0.0819080002 0.0067089205 1204.9225590000 799.7931200000
2460941.0876460001 1.0216234978 0.0039437720 1.5821730000 -0.0816529999 0.0066672124 1204.8889500000 799.6513320000
2460941.0881779999 1.0202351512 0.0039437720 1.5807310000 -0.0811210000 0.0065806166 1204.4623710000 799.7028930000
2460941.0884329998 1.0178923164 0.0039437720 1.5800450000 -0.0808660001 0.0065393100 1204.8048010000 799.9792070000
2460941.0886990000 1.0175018439 0.0039437720 1.5793280000 -0.0806000000 0.0064963600 1205.3137890000 799.9699550000
2460941.0889539998 1.0195756866 0.0039437720 1.5786450000 -0.0803450001 0.0064553190 1204.8826200000 799.9268670000
2460941.0892079999 1.0116881427 0.0039437720 1.5779640000 -0.0800910001 0.0064145683 1204.7355160000 800.1722210000
2460941.0894630002 1.0123996703 0.0039437720 1.5772840000 -0.0798359998 0.0063737869 1204.3254850000 800.2956380000
2460941.0897289999 1.0221267734 0.0039437720 1.5765760000 -0.0795700001 0.0063313849 1203.8994870000 800.1084680000
2460941.0899840002 1.0197665842 0.0039437720 1.5759000000 -0.0793149997 0.0062908692 1203.8823040000 800.0177120000
2460941.0902379998 1.0192719858 0.0039437720 1.5752250000 -0.0790610001 0.0062506417 1203.7681820000 800.0098770000
2460941.0904930001 1.0230378758 0.0039437720 1.5745530000 -0.0788059998 0.0062103856 1204.1586780000 800.1440360000
2460941.0907589998 1.0156622847 0.0039437720 1.5738520000 -0.0785400001 0.0061685316 1204.0276440000 800.4010140000
2460941.0910140001 1.0158445052 0.0039437720 1.5731830000 -0.0782849998 0.0061285412 1203.7592810000 800.2284220000
2460941.0912680002 1.0132500325 0.0039437720 1.5725150000 -0.0780309997 0.0060888369 1203.6893700000 800.5782210000
2460941.0915230000 1.0156796390 0.0039437720 1.5718500000 -0.0777759999 0.0060491062 1203.6081180000 800.1210460000
2460941.0917890002 1.0183088203 0.0039437720 1.5711560000 -0.0775099997 0.0060078001 1204.6034750000 800.0523920000
2460941.0920440000 1.0184303007 0.0039437720 1.5704940000 -0.0772549999 0.0059683350 1204.2889680000 800.1959860000
2460941.0922989999 1.0118009458 0.0039437720 1.5698340000 -0.0770000000 0.0059290000 1204.5169800000 800.1517390000
2460941.0925530000 1.0160267257 0.0039437720 1.5691760000 -0.0767460000 0.0058899485 1203.9393860000 800.1809550000
2460941.0928190001 1.0147598594 0.0039437720 1.5684890000 -0.0764799998 0.0058491904 1203.5150930000 800.6095650000
2460941.0930740000 1.0160180485 0.0039437720 1.5678350000 -0.0762250000 0.0058102506 1204.1849250000 800.2900290000
2460941.0933289998 1.0130157491 0.0039437720 1.5671810000 -0.0759700001 0.0057714409 1203.5687530000 800.8351500000
2460941.0935829999 1.0198012929 0.0039437720 1.5665300000 -0.0757160001 0.0057329127 1203.1062740000 800.4868070000
2460941.0938490001 1.0182394030 0.0039437720 1.5658510000 -0.0754499999 0.0056927025 1202.8088550000 800.4117700000
2460941.0941039999 1.0098572606 0.0039437720 1.5652030000 -0.0751950000 0.0056542880 1202.3712530000 800.2526240000
2460941.0943590002 1.0169551824 0.0039437720 1.5645570000 -0.0749399997 0.0056160036 1203.4105780000 800.3029820000
2460941.0946129998 1.0205388520 0.0039437720 1.5639130000 -0.0746860001 0.0055779986 1203.0460160000 800.2465470000
2460941.0948800002 1.0140656861 0.0039437720 1.5632410000 -0.0744189997 0.0055381875 1203.2856550000 800.5537420000
2460941.0951339998 1.0169638596 0.0039437720 1.5626000000 -0.0741650001 0.0055004472 1203.1088710000 800.3279400000
2460941.0953890001 1.0207037182 0.0039437720 1.5619610000 -0.0739099998 0.0054626881 1203.1321520000 800.5547560000
2460941.0956430002 1.0136752137 0.0039437720 1.5613240000 -0.0736559997 0.0054252063 1204.2856840000 800.7873820000
2460941.0959100001 1.0181699857 0.0039437720 1.5606590000 -0.0733889998 0.0053859453 1204.4130990000 800.9544650000
2460941.0961640002 1.0150548831 0.0039437720 1.5600250000 -0.0731349997 0.0053487282 1203.9201770000 800.9583830000
2460941.0964190001 1.0040695909 0.0039437720 1.5593930000 -0.0728799999 0.0053114944 1204.3601580000 800.5530890000
2460941.0966730001 1.0092672133 0.0039437720 1.5587630000 -0.0726259998 0.0052745358 1204.3700250000 800.3281500000
2460941.0969400001 1.0090676385 0.0039437720 1.5581050000 -0.0723589999 0.0052358249 1204.7207910000 800.0112920000
2460941.0971940001 1.0078615124 0.0039437720 1.5574780000 -0.0721049998 0.0051991310 1204.0280170000 799.2347430000
2460941.0974490000 1.0184042692 0.0039437720 1.5568530000 -0.0718499999 0.0051624225 1203.8142050000 799.1886020000
2460941.0977150002 1.0170332769 0.0039437720 1.5562010000 -0.0715839998 0.0051242690 1203.7556120000 799.4255070000
2460941.0979700000 1.0121914183 0.0039437720 1.5555800000 -0.0713289999 0.0050878262 1204.0530720000 799.6059390000
2460941.0982240001 1.0108030717 0.0039437720 1.5549600000 -0.0710749999 0.0050516556 1204.6123840000 800.0469170000
2460941.0984789999 1.0112369300 0.0039437720 1.5543410000 -0.0708200000 0.0050154724 1204.1808610000 799.9875230000
2460941.0987450001 1.0164779383 0.0039437720 1.5536960000 -0.0705539999 0.0049778669 1204.0590490000 800.6283170000
2460941.0989999999 1.0093800165 0.0039437720 1.5530820000 -0.0702990000 0.0049419494 1204.0171650000 800.4357650000
2460941.0992540000 1.0174671352 0.0039437720 1.5524680000 -0.0700449999 0.0049063020 1203.8894070000 800.6676460000
2460941.0995089998 1.0103865677 0.0039437720 1.5518570000 -0.0697900001 0.0048706441 1203.4037870000 800.8325970000
2460941.0997750000 1.0117922686 0.0039437720 1.5512190000 -0.0695239999 0.0048335866 1202.9787390000 800.6896060000
2460941.1000299999 1.0139268515 0.0039437720 1.5506110000 -0.0692690001 0.0047981944 1202.4860570000 801.2238540000
2460941.1002850002 1.0101869929 0.0039437720 1.5500050000 -0.0690139998 0.0047629322 1203.2317310000 800.7676640000
2460941.1005389998 1.0158965682 0.0039437720 1.5494000000 -0.0687600002 0.0047279376 1203.6450590000 800.5003390000
2460941.1008049999 1.0136665365 0.0039437720 1.5487700000 -0.0684940000 0.0046914280 1204.1135150000 799.8457050000
2460941.1010599998 1.0143260011 0.0039437720 1.5481680000 -0.0682390002 0.0046565611 1204.0747300000 799.8224920000
2460941.1013150001 1.0169985683 0.0039437720 1.5475690000 -0.0679839998 0.0046218242 1204.2341590000 800.0361340000
2460941.1015690002 1.0201917654 0.0039437720 1.5469710000 -0.0677299998 0.0045873529 1204.5918300000 800.0348320000
2460941.1018349999 1.0192546314 0.0039437720 1.5463480000 -0.0674640001 0.0045513913 1204.6601310000 800.3250950000
2460941.1020900002 1.0113063473 0.0039437720 1.5457530000 -0.0672089998 0.0045170496 1204.2676720000 799.9029720000
2460941.1023450000 1.0100047724 0.0039437720 1.5451600000 -0.0669539999 0.0044828381 1203.9969430000 800.0892270000
2460941.1025990001 1.0132587097 0.0039437720 1.5445690000 -0.0666999999 0.0044488900 1203.8273950000 800.4782380000
2460941.1028649998 1.0085296542 0.0039437720 1.5439530000 -0.0664340002 0.0044134764 1203.7378200000 800.2281430000
2460941.1031200001 1.0094841425 0.0039437720 1.5433650000 -0.0661789998 0.0043796600 1203.9389190000 800.0543340000
2460941.1033749999 1.0117315285 0.0039437720 1.5427790000 -0.0659240000 0.0043459738 1204.2967080000 800.0799440000
2460941.1036290000 1.0130417806 0.0039437720 1.5421950000 -0.0656699999 0.0043125489 1203.9598300000 800.3129820000
2460941.1038839999 1.0159139225 0.0039437720 1.5416120000 -0.0654150001 0.0042791222 1203.8988900000 800.1026610000
2460941.1041500000 1.0215974663 0.0039437720 1.5410040000 -0.0651489999 0.0042443922 1203.8228700000 799.9350320000
2460941.1044049999 1.0107510087 0.0039437720 1.5404250000 -0.0648940001 0.0042112312 1203.7506610000 800.1276270000
2460941.1046589999 1.0152284264 0.0039437720 1.5398470000 -0.0646400000 0.0041783296 1203.9717450000 800.1563530000
2460941.1049139998 1.0122087726 0.0039437720 1.5392710000 -0.0643850002 0.0041454282 1204.2115560000 800.1780860000
2460941.1051800000 1.0094147252 0.0039437720 1.5386710000 -0.0641190000 0.0041112462 1204.3293510000 800.5264770000
2460941.1054349998 1.0112889930 0.0039437720 1.5380980000 -0.0638640001 0.0040786105 1203.7896760000 800.5391510000
2460941.1056889999 1.0049025988 0.0039437720 1.5375270000 -0.0636100001 0.0040462321 1203.8256410000 800.3009730000
2460941.1059440002 1.0160527572 0.0039437720 1.5369570000 -0.0633549998 0.0040138560 1203.5622100000 800.5023410000
2460941.1061990000 1.0125037963 0.0039437720 1.5363900000 -0.0630999999 0.0039816100 1203.1784820000 800.2364930000
2460941.1064650002 1.0111067725 0.0039437720 1.5357980000 -0.0628339997 0.0039481115 1203.3599530000 800.4061090000
2460941.1067200000 1.0151850406 0.0039437720 1.5352330000 -0.0625789999 0.0039161312 1203.2017660000 800.4328240000
2460941.1069740001 1.0121914183 0.0039437720 1.5346710000 -0.0623249998 0.0038844056 1203.9414590000 800.4043720000
2460941.1072290000 1.0099613866 0.0039437720 1.5341090000 -0.0620700000 0.0038526849 1203.7419340000 800.7348840000
2460941.1074950001 1.0179877652 0.0039437720 1.5335250000 -0.0618039998 0.0038197344 1203.5658870000 801.0134560000
2460941.1077500000 1.0095709141 0.0039437720 1.5329670000 -0.0615490000 0.0037882794 1203.1390870000 800.8596490000
2460941.1080040000 1.0079396069 0.0039437720 1.5324110000 -0.0612949999 0.0037570770 1202.9273250000 800.1589230000
2460941.1082589999 1.0120005206 0.0039437720 1.5318560000 -0.0610400001 0.0037258816 1203.6538380000 800.1079700000
2460941.1085250000 1.0094841425 0.0039437720 1.5312780000 -0.0607739999 0.0036934791 1203.7097830000 800.0059510000
2460941.1087799999 1.0125992451 0.0039437720 1.5307270000 -0.0605190000 0.0036625494 1203.5614060000 799.9145190000
2460941.1090340000 1.0078007723 0.0039437720 1.5301770000 -0.0602650000 0.0036318702 1203.5660070000 799.8938260000
2460941.1092889998 1.0072194021 0.0039437720 1.5296290000 -0.0600100001 0.0036012001 1203.8504100000 800.2186500000
2460941.1095550000 1.0032626144 0.0039437720 1.5290580000 -0.0597440000 0.0035693455 1204.2063330000 800.5556140000
2460941.1098099998 1.0123476073 0.0039437720 1.5285130000 -0.0594890001 0.0035389411 1204.1631050000 800.6759560000
2460941.1100639999 1.0111935442 0.0039437720 1.5279700000 -0.0592350001 0.0035087852 1204.2781220000 800.6377410000
2460941.1103309998 1.0151416547 0.0039437720 1.5274040000 -0.0589680001 0.0034772250 1204.1754430000 800.4357780000
2460941.1105849999 1.0031671656 0.0039437720 1.5268650000 -0.0587140000 0.0034473338 1203.9017190000 799.7667240000
2460941.1108400002 1.0052062996 0.0039437720 1.5263270000 -0.0584589997 0.0034174546 1203.2163210000 800.3259630000
2460941.1110939998 1.0080003471 0.0039437720 1.5257900000 -0.0582050001 0.0033878220 1203.4250780000 800.6495020000
2460941.1113610002 1.0093539850 0.0039437720 1.5252310000 -0.0579379997 0.0033568118 1203.2821650000 801.0708870000
2460941.1116149998 1.0075664888 0.0039437720 1.5246980000 -0.0576840001 0.0033274439 1203.6190840000 801.0004710000
2460941.1118700001 1.0099440323 0.0039437720 1.5241660000 -0.0574289998 0.0032980900 1203.1480500000 801.2602960000
2460941.1121250000 1.0114104733 0.0039437720 1.5236360000 -0.0571740000 0.0032688663 1203.8889140000 801.2328480000
2460941.1123790001 1.0170419541 0.0039437720 1.5231080000 -0.0569199999 0.0032398864 1203.9739400000 800.9810260000
2460941.1126450002 1.0094147252 0.0039437720 1.5225570000 -0.0566539997 0.0032096757 1203.1062330000 800.9715710000
2460941.1129000001 1.0084168511 0.0039437720 1.5220320000 -0.0563989999 0.0031808472 1203.4061370000 801.1803860000
2460941.1131549999 1.0083214022 0.0039437720 1.5215080000 -0.0561440000 0.0031521487 1203.5347090000 801.3873540000
2460941.1134090000 1.0121046466 0.0039437720 1.5209860000 -0.0558900000 0.0031236921 1204.1540980000 801.2692380000
2460941.1136639998 1.0172935919 0.0039437720 1.5204660000 -0.0556350001 0.0030952532 1203.6230120000 801.2716710000
2460941.1139300000 1.0129897176 0.0039437720 1.5199240000 -0.0553690000 0.0030657262 1203.7742100000 801.1570970000
2460941.1141849998 1.0087379062 0.0039437720 1.5194070000 -0.0551140001 0.0030375530 1203.7748320000 801.1398490000
2460941.1144389999 1.0095448826 0.0039437720 1.5188910000 -0.0548600000 0.0030096196 1203.6773700000 800.7682180000
2460941.1146940002 1.0102824418 0.0039437720 1.5183770000 -0.0546049997 0.0029817060 1204.2201690000 800.6479220000
2460941.1149599999 1.0063950714 0.0039437720 1.5178420000 -0.0543390000 0.0029527269 1204.7367240000 800.9453460000
2460941.1152150002 1.0125818908 0.0039437720 1.5173310000 -0.0540839997 0.0029250790 1204.4043710000 800.9973410000
2460941.1154689998 1.0125732136 0.0039437720 1.5168220000 -0.0538300001 0.0028976689 1204.2240890000 800.9793920000
2460941.1157240001 1.0132847412 0.0039437720 1.5163150000 -0.0535749998 0.0028702806 1203.3946430000 801.4699760000
2460941.1159899998 1.0056488351 0.0039437720 1.5157860000 -0.0533090001 0.0028418495 1203.1226620000 801.8357050000
2460941.1162450002 1.0108551347 0.0039437720 1.5152820000 -0.0530539998 0.0028147269 1202.4404000000 802.1938970000
2460941.1164990002 1.0070892447 0.0039437720 1.5147790000 -0.0527999997 0.0027878400 1202.7201630000 802.2279260000
2460941.1167540001 1.0059438587 0.0039437720 1.5142780000 -0.0525449999 0.0027609770 1202.4453500000 802.4520380000
2460941.1170089999 1.0139355287 0.0039437720 1.5137780000 -0.0522900000 0.0027342441 1202.8119110000 802.2813180000
2460941.1172750001 1.0112369300 0.0039437720 1.5132580000 -0.0520239999 0.0027064966 1203.4366250000 801.9866570000
2460941.1175299999 1.0158011194 0.0039437720 1.5127610000 -0.0517690000 0.0026800294 1203.3403590000 802.0778390000
2460941.1177840000 1.0127554341 0.0039437720 1.5122670000 -0.0515149999 0.0026537952 1202.7967820000 802.3581930000
2460941.1180389998 1.0069070242 0.0039437720 1.5117740000 -0.0512600001 0.0026275876 1202.2211810000 802.1696050000
2460941.1182929999 1.0110547095 0.0039437720 1.5112820000 -0.0510060000 0.0026016120 1203.1739020000 801.3494450000
2460941.1185599999 1.0062909454 0.0039437720 1.5107700000 -0.0507390001 0.0025744461 1203.3752450000 800.9292090000
2460941.1188139999 1.0042171027 0.0039437720 1.5102810000 -0.0504850000 0.0025487352 1202.8769870000 801.0300230000
2460941.1190689998 1.0029328821 0.0039437720 1.5097940000 -0.0502300002 0.0025230529 1202.9516520000 800.9866820000
2460941.1193229998 1.0121306781 0.0039437720 1.5093090000 -0.0499760001 0.0024976006 1202.6852740000 800.8968660000
2460941.1195780002 1.0071846935 0.0039437720 1.5088250000 -0.0497209998 0.0024721778 1203.2752980000 801.0300590000
2460941.1198330000 1.0047724413 0.0039437720 1.5083430000 -0.0494659999 0.0024468851 1203.5182380000 800.4106190000
2460941.1200990002 1.0098919693 0.0039437720 1.5078410000 -0.0491999998 0.0024206400 1203.5349730000 800.6201050000
2460941.1203540000 1.0144214500 0.0039437720 1.5073620000 -0.0489449999 0.0023956130 1203.7705160000 800.6840790000
2460941.1206080001 1.0048592130 0.0039437720 1.5068850000 -0.0486909999 0.0023708135 1203.3956840000 800.8341840000
2460941.1208629999 0.9996615905 0.0039437720 1.5064090000 -0.0484360000 0.0023460461 1203.9599460000 801.3293240000
2460941.1211170000 1.0062909454 0.0039437720 1.5059340000 -0.0481819999 0.0023215051 1203.8988650000 801.5833110000
2460941.1213839999 1.0066727407 0.0039437720 1.5054400000 -0.0479150000 0.0022958472 1203.2010430000 802.0123130000
2460941.1216380000 1.0136231507 0.0039437720 1.5049690000 -0.0476609999 0.0022715709 1202.4581930000 801.9899160000
2460941.1218929999 1.0083300794 0.0039437720 1.5044990000 -0.0474060001 0.0022473288 1201.9280950000 801.9153530000
2460941.1221480002 1.0005466615 0.0039437720 1.5040310000 -0.0471509998 0.0022232168 1202.7953170000 801.8716960000
2460941.1224019998 0.9955052280 0.0039437720 1.5035650000 -0.0468970002 0.0021993286 1203.0807000000 801.8408130000
2460941.1226679999 1.0093800165 0.0039437720 1.5030790000 -0.0466310000 0.0021744502 1202.8417150000 801.6924470000
2460941.1229229998 1.0137272767 0.0039437720 1.5026160000 -0.0463760002 0.0021507334 1202.7100750000 802.0461460000
2460941.1231780001 0.9992190551 0.0039437720 1.5021540000 -0.0461209998 0.0021271466 1202.6143350000 801.9168050000
2460941.1234320002 1.0092151503 0.0039437720 1.5016930000 -0.0458669998 0.0021037817 1203.6987520000 801.1693050000
2460941.1236979999 1.0045208035 0.0039437720 1.5012140000 -0.0456010001 0.0020794512 1203.2403620000 801.5315580000
2460941.1239530002 1.0082693392 0.0039437720 1.5007570000 -0.0453459998 0.0020562597 1203.0262190000 801.5861600000
2460941.1242080000 1.0064818430 0.0039437720 1.5003010000 -0.0450909999 0.0020331983 1203.1401760000 801.5016240000
2460941.1244620001 1.0012928977 0.0039437720 1.4998470000 -0.0448369998 0.0020103566 1202.9260560000 801.4643050000
2460941.1247279998 1.0069764415 0.0039437720 1.4993740000 -0.0445710002 0.0019865741 1203.5864320000 800.7813850000
2460941.1249830001 1.0045034492 0.0039437720 1.4989230000 -0.0443159998 0.0019639078 1203.8018940000 800.8543590000
2460941.1252379999 1.0045121263 0.0039437720 1.4984740000 -0.0440610000 0.0019413717 1203.9413650000 800.7893980000
2460941.1255040001 1.0043906460 0.0039437720 1.4980060000 -0.0437949998 0.0019180020 1203.7729850000 801.1178210000
2460941.1257590000 1.0094234023 0.0039437720 1.4975590000 -0.0435400000 0.0018957316 1203.5933640000 800.9923440000
2460941.1260130000 0.9973447872 0.0039437720 1.4971150000 -0.0432859999 0.0018736778 1203.8878340000 801.2067710000
2460941.1262679999 1.0036877956 0.0039437720 1.4966710000 -0.0430310001 0.0018516670 1203.4658810000 801.4336610000
2460941.1265219999 1.0101002213 0.0039437720 1.4962300000 -0.0427770000 0.0018298717 1203.3700680000 801.3223230000
2460941.1267889999 1.0066987722 0.0039437720 1.4957700000 -0.0425100001 0.0018071001 1203.0896370000 801.4042940000
2460941.1270430000 1.0043038744 0.0039437720 1.4953310000 -0.0422560000 0.0017855695 1202.7688510000 801.4079470000
2460941.1272979998 1.0094928196 0.0039437720 1.4948940000 -0.0420010001 0.0017640840 1203.8484220000 800.7057720000
2460941.1275640000 1.0078094494 0.0039437720 1.4944390000 -0.0417350000 0.0017418102 1204.2099870000 800.7887250000
2460941.1278189998 1.0070024730 0.0039437720 1.4940050000 -0.0414800001 0.0017205904 1203.7138350000 800.7287770000
2460941.1280729999 1.0115666623 0.0039437720 1.4935720000 -0.0412260001 0.0016995831 1202.9186550000 800.9467360000
2460941.1283280002 1.0061174021 0.0039437720 1.4931410000 -0.0409709997 0.0016786228 1203.1282860000 801.0103160000
2460941.1285939999 1.0101696386 0.0039437720 1.4926920000 -0.0407050001 0.0016568970 1203.7191160000 800.8966360000
2460941.1288490002 0.9984294329 0.0039437720 1.4922650000 -0.0404499997 0.0016362025 1203.1950480000 800.9570380000
2460941.1291029998 1.0123389301 0.0039437720 1.4918380000 -0.0401960001 0.0016157184 1202.9299710000 801.1984020000
2460941.1293700002 1.0065946462 0.0039437720 1.4913940000 -0.0399289997 0.0015943250 1202.2999370000 801.7234050000
2460941.1296239998 1.0014924726 0.0039437720 1.4909710000 -0.0396750001 0.0015741056 1202.9322130000 802.0292150000
2460941.1298790001 1.0082433077 0.0039437720 1.4905490000 -0.0394199998 0.0015539364 1203.7823190000 801.1676080000
2460941.1301330002 1.0036530869 0.0039437720 1.4901290000 -0.0391659997 0.0015339755 1203.7799490000 801.4670930000
2460941.1304000001 1.0049112760 0.0039437720 1.4896910000 -0.0388989998 0.0015131322 1203.4836520000 802.0692410000
2460941.1306540002 1.0005900473 0.0039437720 1.4892740000 -0.0386449997 0.0014934360 1203.3911990000 802.0931330000
2460941.1309090001 1.0129897176 0.0039437720 1.4888580000 -0.0383899999 0.0014737921 1203.6717110000 802.0603990000
2460941.1311639999 1.0066293549 0.0039437720 1.4884440000 -0.0381350000 0.0014542782 1204.1612900000 801.2931720000
2460941.1314300001 1.0056228036 0.0039437720 1.4880130000 -0.0378689999 0.0014340612 1204.2326840000 801.4014330000
2460941.1316840001 1.0000867717 0.0039437720 1.4876020000 -0.0376149998 0.0014148882 1204.0801160000 801.7657210000
2460941.1319390000 1.0050067248 0.0039437720 1.4871920000 -0.0373600000 0.0013957696 1203.4281050000 801.8130480000
2460941.1321939998 1.0034101263 0.0039437720 1.4867840000 -0.0371050001 0.0013767810 1202.8979750000 801.3899940000
2460941.1324600000 1.0047117012 0.0039437720 1.4863590000 -0.0368389999 0.0013571119 1203.5750430000 801.3030050000
2460941.1327140001 1.0123128986 0.0039437720 1.4859540000 -0.0365849999 0.0013384622 1202.8673060000 800.9895730000
2460941.1329689999 1.0080697644 0.0039437720 1.4855500000 -0.0363300000 0.0013198689 1202.5683340000 800.7926600000
2460941.1332240002 1.0025424096 0.0039437720 1.4851480000 -0.0360749997 0.0013014056 1202.6738450000 801.6144390000
2460941.1334779998 1.0029675908 0.0039437720 1.4847480000 -0.0358210001 0.0012831440 1203.0674940000 800.8972900000
2460941.1337450002 1.0125298278 0.0039437720 1.4843300000 -0.0355539997 0.0012640869 1203.4019460000 801.3370060000
2460941.1339989998 1.0066814178 0.0039437720 1.4839330000 -0.0353000001 0.0012460900 1203.2048720000 801.4495900000
2460941.1342540001 1.0079048983 0.0039437720 1.4835370000 -0.0350449998 0.0012281520 1202.7419890000 801.5678780000
2460941.1345080002 0.9977612912 0.0039437720 1.4831420000 -0.0347909997 0.0012104137 1202.4536640000 801.9814320000
2460941.1347750002 1.0072454336 0.0039437720 1.4827310000 -0.0345239998 0.0011919066 1203.7476210000 801.9265620000
2460941.1350290002 1.0093973708 0.0039437720 1.4823400000 -0.0342699997 0.0011744329 1203.9465860000 801.8532330000
2460941.1352840001 0.9961994013 0.0039437720 1.4819500000 -0.0340149999 0.0011570202 1204.1029510000 802.3378130000
2460941.1355380001 1.0034101263 0.0039437720 1.4815610000 -0.0337609998 0.0011398051 1204.1546790000 802.5835550000
2460941.1358050001 1.0081391817 0.0039437720 1.4811560000 -0.0334939999 0.0011218480 1204.2230700000 803.0845640000
2460941.1360590002 1.0058223784 0.0039437720 1.4807710000 -0.0332399998 0.0011048976 1204.3178890000 802.0650490000
2460941.1363140000 0.9994359842 0.0039437720 1.4803870000 -0.0329849999 0.0010880102 1204.7216490000 801.7876290000
2460941.1365689998 1.0051368823 0.0039437720 1.4800040000 -0.0327300001 0.0010712529 1204.5244480000 802.1792830000
2460941.1368350000 1.0034535121 0.0039437720 1.4796060000 -0.0324639999 0.0010539113 1204.3093910000 802.5350900000
2460941.1370890001 0.9994186299 0.0039437720 1.4792260000 -0.0322099999 0.0010374841 1203.6297880000 802.8623680000
2460941.1373439999 0.9956527398 0.0039437720 1.4788480000 -0.0319550000 0.0010211220 1203.5989610000 801.8583110000
2460941.1376100001 1.0060045989 0.0039437720 1.4784540000 -0.0316889999 0.0010041927 1203.7927400000 801.6471230000
2460941.1378649999 1.0043299059 0.0039437720 1.4780790000 -0.0314340000 0.0009880964 1202.9259190000 802.1178340000
2460941.1381190000 1.0066814178 0.0039437720 1.4777050000 -0.0311799999 0.0009721924 1203.4310860000 802.2576910000
2460941.1383739999 1.0051889453 0.0039437720 1.4773330000 -0.0309250001 0.0009563556 1203.6241500000 802.4939610000
2460941.1386400000 1.0056141264 0.0039437720 1.4769450000 -0.0306589999 0.0009399743 1204.1500470000 802.2098790000
2460941.1388949999 1.0012148032 0.0039437720 1.4765760000 -0.0304040001 0.0009244032 1204.3934740000 802.2293400000
2460941.1391500002 1.0117141742 0.0039437720 1.4762080000 -0.0301489998 0.0009089622 1204.2747520000 802.3012600000
2460941.1394159999 1.0014751182 0.0039437720 1.4758260000 -0.0298830001 0.0008929937 1203.8638450000 802.4322330000
2460941.1396699999 1.0044947720 0.0039437720 1.4754610000 -0.0296290000 0.0008778776 1203.5433380000 803.0342470000
2460941.1399249998 1.0029242050 0.0039437720 1.4750970000 -0.0293740002 0.0008628319 1203.5859230000 801.5870970000
2460941.1404459998 1.0011714174 0.0039437720 1.4743590000 -0.0288530001 0.0008324956 1203.3668850000 802.5516450000
2460941.1406999999 1.0043993232 0.0039437720 1.4740000000 -0.0285990001 0.0008179028 1202.7899450000 802.7619650000
2460941.1409669998 1.0068202525 0.0039437720 1.4736260000 -0.0283320001 0.0008027022 1202.5740570000 802.7262820000
2460941.1412209999 1.0081305046 0.0039437720 1.4732710000 -0.0280780001 0.0007883741 1203.8686450000 801.7342620000
2460941.1414760002 1.0036010239 0.0039437720 1.4729160000 -0.0278229997 0.0007741193 1203.7162850000 801.7068230000
2460941.1417299998 0.9959651178 0.0039437720 1.4725630000 -0.0275690001 0.0007600498 1203.8253750000 801.9737400000
2460941.1419970002 0.9989847716 0.0039437720 1.4721960000 -0.0273019997 0.0007453992 1203.6280580000 801.7001030000
2460941.1422509998 1.0010065513 0.0039437720 1.4718460000 -0.0270480001 0.0007315943 1202.7967490000 802.0537670000
2460941.1425180002 1.0039567877 0.0039437720 1.4714810000 -0.0267809997 0.0007172219 1203.5277610000 801.1568540000
2460941.1427719998 1.0034795436 0.0039437720 1.4711340000 -0.0265270001 0.0007036817 1203.0819380000 801.4998040000
2460941.1430270001 1.0092064732 0.0039437720 1.4707890000 -0.0262719998 0.0006902180 1203.0106950000 801.4720890000
2460941.1432810002 1.0073148510 0.0039437720 1.4704440000 -0.0260179997 0.0006769363 1203.1006380000 801.4014330000
2460941.1435480001 1.0045988980 0.0039437720 1.4700860000 -0.0257509998 0.0006631140 1203.1323240000 801.5318810000
2460941.1438020002 1.0024209293 0.0039437720 1.4697450000 -0.0254969997 0.0006500970 1203.8066530000 800.7250800000
2460941.1440570001 1.0017267560 0.0039437720 1.4694050000 -0.0252419999 0.0006371586 1203.5782220000 801.0678850000
2460941.1443110001 1.0059351816 0.0039437720 1.4690670000 -0.0249879998 0.0006244001 1203.0683990000 801.4411920000
2460941.1445780001 1.0039307562 0.0039437720 1.4687150000 -0.0247209999 0.0006111278 1203.3481910000 801.3297460000
2460941.1448320001 1.0007896221 0.0039437720 1.4683790000 -0.0244669998 0.0005986341 1203.5766530000 801.6833870000
2460941.1450870000 0.9949845980 0.0039437720 1.4680450000 -0.0242120000 0.0005862209 1203.1374830000 801.8749800000
2460941.1453419998 1.0047117012 0.0039437720 1.4677130000 -0.0239570001 0.0005739379 1202.8839020000 801.8114770000
2460941.1456080000 1.0011367088 0.0039437720 1.4673670000 -0.0236910000 0.0005612635 1202.4615470000 801.9478280000
2460941.1458620001 1.0062388824 0.0039437720 1.4670370000 -0.0234369999 0.0005492930 1202.4576590000 802.2222050000
2460941.1461169999 1.0076185518 0.0039437720 1.4667090000 -0.0231820000 0.0005374051 1202.6447170000 802.2503640000
2460941.1463720002 1.0062215280 0.0039437720 1.4663820000 -0.0229269997 0.0005256473 1202.2534920000 802.1893710000
2460941.1466379999 1.0036010239 0.0039437720 1.4660420000 -0.0226610000 0.0005135209 1202.0398090000 802.6112650000
2460941.1468920000 1.0020911970 0.0039437720 1.4657180000 -0.0224070000 0.0005020736 1201.3239060000 802.5844030000
2460941.1471469998 1.0025944726 0.0039437720 1.4653960000 -0.0221520001 0.0004907111 1203.0513310000 801.8194700000
2460941.1474130000 0.9999045512 0.0039437720 1.4650610000 -0.0218859999 0.0004789970 1203.1513340000 801.8602190000
2460941.1476679998 0.9979435116 0.0039437720 1.4647410000 -0.0216310001 0.0004679002 1203.3410090000 802.1169820000
2460941.1479219999 0.9994099527 0.0039437720 1.4644230000 -0.0213770000 0.0004569761 1203.4878360000 802.7950560000
2460941.1481770002 1.0009891969 0.0039437720 1.4641070000 -0.0211219997 0.0004461389 1203.2585330000 803.1391920000
2460941.1484429999 1.0009631654 0.0039437720 1.4637770000 -0.0208560000 0.0004349727 1204.0064970000 801.9892560000
2460941.1486979998 0.9967547399 0.0039437720 1.4634640000 -0.0206010002 0.0004244012 1203.5980610000 802.4351160000
2460941.1489530001 1.0043732917 0.0039437720 1.4631510000 -0.0203459999 0.0004139597 1203.5355420000 802.4221120000
2460941.1492070002 1.0002689921 0.0039437720 1.4628400000 -0.0200919998 0.0004036885 1203.4748870000 803.3047240000
2460941.1494729999 1.0025857955 0.0039437720 1.4625170000 -0.0198260001 0.0003930703 1204.0827870000 803.4825510000
2460941.1497280002 0.9996095275 0.0039437720 1.4622090000 -0.0195709998 0.0003830240 1204.5448890000 801.5598970000
2460941.1499830000 1.0021085513 0.0039437720 1.4619030000 -0.0193159999 0.0003731079 1203.5744660000 801.8871990000
2460941.1502370001 1.0085036227 0.0039437720 1.4615980000 -0.0190619999 0.0003633598 1203.1747570000 801.6399620000
2460941.1505029998 1.0019436852 0.0039437720 1.4612800000 -0.0187960002 0.0003532896 1202.6120960000 802.1497230000
2460941.1507580001 1.0015358584 0.0039437720 1.4609780000 -0.0185409999 0.0003437687 1202.5385220000 801.9045710000
2460941.1510129999 0.9997570394 0.0039437720 1.4606770000 -0.0182860000 0.0003343778 1202.7870090000 801.5732480000
2460941.1512790001 1.0029242050 0.0039437720 1.4603640000 -0.0180199998 0.0003247204 1203.7478040000 801.9391600000
2460941.1515339999 1.0009631654 0.0039437720 1.4600670000 -0.0177650000 0.0003155952 1203.3045950000 802.6957540000
2460941.1517880000 1.0059785674 0.0039437720 1.4597700000 -0.0175109999 0.0003066351 1203.2135260000 802.8875680000
2460941.1520429999 1.0026552128 0.0039437720 1.4594750000 -0.0172560001 0.0002977695 1203.3919540000 802.7584560000
2460941.1523090000 1.0044947720 0.0039437720 1.4591680000 -0.0169899999 0.0002886601 1204.0121850000 801.5174220000
2460941.1525639999 1.0018308820 0.0039437720 1.4588760000 -0.0167350001 0.0002800602 1204.1551150000 802.5081350000
2460941.1528179999 1.0041910712 0.0039437720 1.4585850000 -0.0164810000 0.0002716234 1203.5863150000 802.5342580000
2460941.1530729998 1.0074102998 0.0039437720 1.4582960000 -0.0162260002 0.0002632831 1203.0909440000 803.2990920000
2460941.1533390000 1.0045381578 0.0039437720 1.4579950000 -0.0159600000 0.0002547216 1203.9606460000 803.0723890000
2460941.1535939998 1.0008330079 0.0039437720 1.4577080000 -0.0157050001 0.0002466470 1203.9908780000 802.0573990000
2460941.1538479999 0.9978480628 0.0039437720 1.4574230000 -0.0154510001 0.0002387334 1203.7356890000 802.3986510000
2460941.1541149998 0.9951234327 0.0039437720 1.4571270000 -0.0151840001 0.0002305539 1202.9416790000 802.4151380000
2460941.1543689999 0.9986203306 0.0039437720 1.4568450000 -0.0149300001 0.0002229049 1203.3341670000 802.0435650000
2460941.1546240002 1.0053277799 0.0039437720 1.4565640000 -0.0146749998 0.0002153556 1203.2545470000 802.1271870000
2460941.1548779998 1.0001041260 0.0039437720 1.4562850000 -0.0144210001 0.0002079652 1204.1688990000 801.5673430000
2460941.1551450002 1.0010065513 0.0039437720 1.4559940000 -0.0141539997 0.0002003357 1203.8612620000 801.5356600000
2460941.1553989998 0.9984034014 0.0039437720 1.4557180000 -0.0139000001 0.0001932100 1204.1064100000 801.7804010000
2460941.1556540001 0.9925289600 0.0039437720 1.4554430000 -0.0136449998 0.0001861860 1204.1925470000 801.8848530000
2460941.1559080002 0.9995921732 0.0039437720 1.4551690000 -0.0133909998 0.0001793189 1203.9785580000 802.2498760000
2460941.1561750001 1.0007722678 0.0039437720 1.4548840000 -0.0131239998 0.0001722394 1204.0449940000 802.2148630000
2460941.1564290002 0.9970757950 0.0039437720 1.4546130000 -0.0128699997 0.0001656369 1203.9930130000 802.3134960000
2460941.1566840000 1.0082866936 0.0039437720 1.4543440000 -0.0126149999 0.0001591382 1203.5035240000 802.9761160000
2460941.1569389999 1.0007809449 0.0039437720 1.4540760000 -0.0123600001 0.0001527696 1203.7183480000 803.2042500000
2460941.1572050001 1.0045034492 0.0039437720 1.4537970000 -0.0120939999 0.0001462648 1204.1214520000 803.1246800000
2460941.1574590001 1.0010933229 0.0039437720 1.4535320000 -0.0118399998 0.0001401856 1204.7512750000 802.8346270000
2460941.1577140000 1.0009631654 0.0039437720 1.4532680000 -0.0115850000 0.0001342122 1204.1504880000 802.6224420000
2460941.1579800001 1.0049806933 0.0039437720 1.4529940000 -0.0113189998 0.0001281198 1203.7254250000 802.2922170000
2460941.1582350000 1.0017267560 0.0039437720 1.4527330000 -0.0110640000 0.0001224121 1203.2974230000 802.9445110000
2460941.1584890001 1.0047290555 0.0039437720 1.4524730000 -0.0108099999 0.0001168561 1203.6606280000 802.6726190000
2460941.1587439999 1.0017527875 0.0039437720 1.4522150000 -0.0105550000 0.0001114080 1203.9433510000 802.8766720000
2460941.1590100001 0.9989760944 0.0039437720 1.4519470000 -0.0102889999 0.0001058635 1203.0427120000 802.7128220000
2460941.1592649999 1.0002603150 0.0039437720 1.4516920000 -0.0100340000 0.0001006812 1203.0119200000 802.8648540000
2460941.1595190000 1.0050934965 0.0039437720 1.4514380000 -0.0097800000 0.0000956484 1202.7158610000 803.0514020000
2460941.1597739998 1.0024035750 0.0039437720 1.4511850000 -0.0095250001 0.0000907256 1203.6299620000 802.7678740000
2460941.1600400000 0.9994359842 0.0039437720 1.4509230000 -0.0092590000 0.0000857291 1204.0819030000 802.3625360000
2460941.1602949998 0.9951841728 0.0039437720 1.4506730000 -0.0090040001 0.0000810720 1203.6297410000 802.6546580000
2460941.1605500001 0.9990541889 0.0039437720 1.4504250000 -0.0087489998 0.0000765450 1203.5545310000 803.3688520000
2460941.1608040002 0.9997917480 0.0039437720 1.4501780000 -0.0084949997 0.0000721650 1203.6401610000 803.0457940000
2460941.1610699999 0.9989674172 0.0039437720 1.4499210000 -0.0082290000 0.0000677164 1203.8769010000 802.7460810000
2460941.1613250002 0.9934574168 0.0039437720 1.4496770000 -0.0079739997 0.0000635847 1204.0373030000 802.4002170000
2460941.1615800001 0.9981604408 0.0039437720 1.4494340000 -0.0077189999 0.0000595830 1203.8762240000 802.5313290000
2460941.1618340001 1.0011974489 0.0039437720 1.4491930000 -0.0074649998 0.0000557262 1203.3464160000 802.8800680000
2460941.1620890000 1.0001561890 0.0039437720 1.4489530000 -0.0072100000 0.0000519841 1202.9537610000 803.2239400000
2460941.1623550002 1.0015705671 0.0039437720 1.4487030000 -0.0069439998 0.0000482191 1203.2548260000 802.5301880000
2460941.1626100000 1.0021259057 0.0039437720 1.4484660000 -0.0066889999 0.0000447427 1203.1289220000 802.1298620000
2460941.1628640001 1.0003123780 0.0039437720 1.4482310000 -0.0064349999 0.0000414092 1203.1871760000 802.6794870000
2460941.1631189999 0.9980563148 0.0039437720 1.4479960000 -0.0061800000 0.0000381924 1203.0818870000 802.7614780000
2460941.1633740002 1.0037919216 0.0039437720 1.4477630000 -0.0059249997 0.0000351056 1202.5288120000 803.1094790000
2460941.1636399999 0.9969890234 0.0039437720 1.4475210000 -0.0056590000 0.0000320243 1203.1644460000 801.9912070000
2460941.1638940000 1.0037485357 0.0039437720 1.4472910000 -0.0054049999 0.0000292140 1203.5571060000 802.4911010000
2460941.1641489998 0.9991496377 0.0039437720 1.4470620000 -0.0051500001 0.0000265225 1203.7166620000 802.7734620000
2460941.1646580002 0.9981257321 0.0039437720 1.4466090000 -0.0046409997 0.0000215389 1204.2906930000 803.8090620000
2460941.1649239999 0.9963989761 0.0039437720 1.4463740000 -0.0043750000 0.0000191406 1205.0150570000 802.7073440000
2460941.1651789998 1.0009631654 0.0039437720 1.4461500000 -0.0041200002 0.0000169744 1204.5845880000 802.8207770000
2460941.1654340001 0.9990021259 0.0039437720 1.4459290000 -0.0038649999 0.0000149382 1204.1150140000 803.1095150000
2460941.1656880002 0.9969196061 0.0039437720 1.4457080000 -0.0036109998 0.0000130393 1204.5387070000 803.5563520000
2460941.1659430000 1.0024556380 0.0039437720 1.4454890000 -0.0033559999 0.0000112627 1203.7367230000 803.6055300000
2460941.1662090002 0.9978480628 0.0039437720 1.4452610000 -0.0030899998 0.0000095481 1204.1753570000 802.3981400000
2460941.1664640000 0.9969022517 0.0039437720 1.4450450000 -0.0028349999 0.0000080372 1203.4001440000 802.5197310000
2460941.1667180001 0.9934834483 0.0039437720 1.4448300000 -0.0025809999 0.0000066616 1203.7855900000 803.2274370000
2460941.1669729999 1.0009371339 0.0039437720 1.4446160000 -0.0023260000 0.0000054103 1203.1970040000 803.6328610000
2460941.1672390001 0.9928934010 0.0039437720 1.4443950000 -0.0020599999 0.0000042436 1203.4602620000 803.3524450000
2460941.1674939999 0.9993752440 0.0039437720 1.4441840000 -0.0018050000 0.0000032580 1204.1640510000 801.8784150000
2460941.1677489998 1.0022907718 0.0039437720 1.4439740000 -0.0015500002 0.0000024025 1203.1170980000 802.1725360000
2460941.1680029999 1.0007722678 0.0039437720 1.4437660000 -0.0012960001 0.0000016796 1202.8862860000 802.6538370000
2460941.1682580002 0.9965291336 0.0039437720 1.4435600000 -0.0010409998 0.0000010837 1202.8790020000 802.8949730000
2460941.1685239999 0.9941949759 0.0039437720 1.4433450000 -0.0007750001 0.0000006006 1203.3008950000 803.2204680000
2460941.1687790002 0.9994099527 0.0039437720 1.4431410000 -0.0005199998 0.0000002704 1204.1650570000 802.4163700000
2460941.1690329998 0.9998698425 0.0039437720 1.4429390000 -0.0002660002 0.0000000708 1204.3888500000 802.7512070000
2460941.1692989999 1.0001128032 0.0039437720 1.4427280000 0.0000000000 0.0000000000 1203.4010560000 803.0971830000
2460941.1695539998 0.9985162046 0.0039437720 1.4425280000 0.0002549998 0.0000000650 1203.1713390000 803.4080210000
2460941.1698090001 0.9948197319 0.0039437720 1.4423300000 0.0005100002 0.0000002601 1203.0619790000 803.4527470000
2460941.1700630002 1.0054492603 0.0039437720 1.4421330000 0.0007640002 0.0000005837 1203.8277650000 802.2622400000
2460941.1703289999 0.9995054015 0.0039437720 1.4419280000 0.0010299999 0.0000010609 1203.1627840000 802.5371330000
2460941.1705840002 0.9994880472 0.0039437720 1.4417340000 0.0012850002 0.0000016512 1203.1067820000 802.6532330000
2460941.1708390000 1.0011887717 0.0039437720 1.4415410000 0.0015400001 0.0000023716 1202.9377930000 803.0588480000
2460941.1711050002 0.9924682199 0.0039437720 1.4413410000 0.0018060002 0.0000032616 1203.3501410000 802.7370990000
2460941.1713709999 0.9999219055 0.0039437720 1.4411420000 0.0020719999 0.0000042932 1204.2388710000 802.2197400000
2460941.1716370001 1.0025250553 0.0039437720 1.4409450000 0.0023380001 0.0000054662 1204.5940570000 802.2272170000
2460941.1718919999 0.9967807714 0.0039437720 1.4407580000 0.0025930000 0.0000067236 1204.1821180000 802.5273030000
2460941.1721580001 0.9963382359 0.0039437720 1.4405640000 0.0028590001 0.0000081739 1204.2323490000 803.1697190000
2460941.1724129999 1.0048852445 0.0039437720 1.4403790000 0.0031140000 0.0000096970 1203.9622630000 803.2356990000
2460941.1726790001 0.9990021259 0.0039437720 1.4401880000 0.0033800001 0.0000114244 1204.5713620000 802.9930090000
2460941.1729339999 0.9980302833 0.0039437720 1.4400060000 0.0036350000 0.0000132132 1204.0488540000 802.8886870000
2460941.1732000001 0.9967807714 0.0039437720 1.4398170000 0.0039010001 0.0000152178 1204.5968960000 803.0273470000
2460941.1734659998 0.9963642674 0.0039437720 1.4396300000 0.0041669998 0.0000173639 1203.9917870000 803.7482020000
2460941.1737319999 0.9915484403 0.0039437720 1.4394450000 0.0044330000 0.0000196515 1203.3933540000 803.2764380000
2460941.1739980001 0.9925810230 0.0039437720 1.4392600000 0.0046990002 0.0000220806 1203.1451390000 802.5105430000
2460941.1742529999 0.9935181570 0.0039437720 1.4390860000 0.0049540000 0.0000245421 1203.1397950000 803.3394090000
2460941.1745190001 1.0021432600 0.0039437720 1.4389050000 0.0052200002 0.0000272484 1203.5033190000 803.6425850000
2460941.1747849998 1.0003470866 0.0039437720 1.4387250000 0.0054859999 0.0000300962 1203.1930490000 804.0712070000
2460941.1750520002 0.9986550393 0.0039437720 1.4385470000 0.0057530003 0.0000330970 1203.5592590000 802.4863530000
2460941.1753059998 0.9976398108 0.0039437720 1.4383770000 0.0060069999 0.0000360840 1203.4938530000 802.0706830000
2460941.1755720000 0.9906286607 0.0039437720 1.4382020000 0.0062730000 0.0000393505 1203.7884590000 802.4975530000
2460941.1758269998 0.9966159052 0.0039437720 1.4380360000 0.0065279999 0.0000426148 1203.7456070000 803.1799920000
2460941.1760930000 0.9915310859 0.0039437720 1.4378630000 0.0067940000 0.0000461584 1203.4591020000 803.6748640000
2460941.1763590002 0.9984294329 0.0039437720 1.4376920000 0.0070600002 0.0000498436 1203.9765290000 802.6324200000
2460941.1766140000 0.9987591653 0.0039437720 1.4375300000 0.0073150001 0.0000535092 1204.1002100000 803.2094590000
2460941.1768800002 1.0032712916 0.0039437720 1.4373620000 0.0075810002 0.0000574716 1203.6149100000 804.0353930000
2460941.1771459999 0.9896828496 0.0039437720 1.4371950000 0.0078469999 0.0000615754 1203.5846600000 804.1680630000
2460941.1774010002 0.9865677470 0.0039437720 1.4370370000 0.0081020002 0.0000656424 1202.7624320000 803.9743280000
2460941.1776669999 0.9890233850 0.0039437720 1.4368730000 0.0083679999 0.0000700234 1203.4337080000 802.4507020000
2460941.1779220002 0.9931450388 0.0039437720 1.4367180000 0.0086230002 0.0000743561 1203.4731630000 802.9435460000
2460941.1784430002 0.9981430865 0.0039437720 1.4364040000 0.0091440002 0.0000836127 1202.4162630000 803.0164860000
2460941.1787089999 0.9912100308 0.0039437720 1.4362460000 0.0094099999 0.0000885481 1202.6599460000 802.9881040000
2460941.1789750000 0.9934660940 0.0039437720 1.4360900000 0.0096760001 0.0000936250 1203.8387030000 802.2298880000
2460941.1792299999 0.9950279839 0.0039437720 1.4359410000 0.0099309999 0.0000986248 1203.6333100000 803.4613040000
2460941.1794960001 0.9951147555 0.0039437720 1.4357880000 0.0101970001 0.0001039788 1203.6605760000 803.7827800000
2460941.1797509999 0.9924768970 0.0039437720 1.4356420000 0.0104520000 0.0001092443 1203.6554020000 803.8424300000
2460941.1800170001 0.9955833225 0.0039437720 1.4354910000 0.0107180001 0.0001148755 1204.3313530000 803.5197170000
2460941.1802710001 0.9867065816 0.0039437720 1.4353480000 0.0109720002 0.0001203848 1204.5721570000 803.0094850000
2460941.1805260000 1.0022300317 0.0039437720 1.4352070000 0.0112270000 0.0001260455 1204.5730090000 802.7038030000
2460941.1807809998 0.9976484880 0.0039437720 1.4350660000 0.0114819999 0.0001318363 1204.4615520000 803.1203880000
2460941.1810470000 0.9946461886 0.0039437720 1.4349210000 0.0117480000 0.0001380155 1204.4253630000 803.8877610000
2460941.1813010001 0.9948544405 0.0039437720 1.4347840000 0.0120020001 0.0001440480 1204.4002680000 803.0787210000
2460941.1815559999 0.9946288342 0.0039437720 1.4346480000 0.0122570000 0.0001502340 1204.5369680000 803.1300290000
2460941.1818220001 0.9928586924 0.0039437720 1.4345070000 0.0125230001 0.0001568255 1204.4630190000 802.8478520000
2460941.1820769999 0.9916352119 0.0039437720 1.4343730000 0.0127780000 0.0001632773 1204.7663340000 803.3040800000
2460941.1823320002 0.9894051803 0.0039437720 1.4342410000 0.0130330003 0.0001698591 1204.5902770000 803.1933010000
2460941.1825859998 0.9935268341 0.0039437720 1.4341100000 0.0132869999 0.0001765444 1204.5473640000 803.4437340000
2460941.1828520000 0.9902381882 0.0039437720 1.4339750000 0.0135530001 0.0001836838 1203.9423930000 802.2198900000
2460941.1831069998 0.9918868498 0.0039437720 1.4338470000 0.0138079999 0.0001906609 1204.3326650000 803.2776900000
2460941.1833620002 0.9950800469 0.0039437720 1.4337200000 0.0140630002 0.0001977680 1204.1924650000 804.0537230000
2460941.1836279999 0.9880602195 0.0039437720 1.4335890000 0.0143289999 0.0002053202 1204.4873870000 804.5935350000
2460941.1838819999 0.9850058571 0.0039437720 1.4334650000 0.0145830000 0.0002126639 1204.4313310000 803.9161970000
2460941.1841369998 0.9929714955 0.0039437720 1.4333430000 0.0148379998 0.0002201662 1204.2056810000 802.6790700000
2460941.1843920001 0.9885548180 0.0039437720 1.4332220000 0.0150930001 0.0002277987 1203.5624130000 802.9730140000
2460941.1846579998 0.9946982516 0.0039437720 1.4330960000 0.0153589998 0.0002358989 1203.4949910000 803.9680640000
2460941.1849130001 0.9925029285 0.0039437720 1.4329780000 0.0156140001 0.0002437970 1202.7847680000 804.3089650000
2460941.1854220000 0.9939433381 0.0039437720 1.4327450000 0.0161230001 0.0002599511 1203.7965150000 802.3557930000
2460941.1856880002 0.9885721723 0.0039437720 1.4326250000 0.0163890002 0.0002685993 1203.1530300000 803.2736380000
2460941.1859430000 0.9925202829 0.0039437720 1.4325120000 0.0166440001 0.0002770227 1202.9023220000 803.7796860000
2460941.1861970001 0.9915571174 0.0039437720 1.4324000000 0.0168980001 0.0002855424 1202.8183090000 804.4705700000
2460941.1864629998 0.9899258102 0.0039437720 1.4322840000 0.0171639998 0.0002946029 1204.1673810000 803.0946260000
2460941.1867180001 0.9950974012 0.0039437720 1.4321750000 0.0174190002 0.0003034216 1204.1202340000 803.3648040000
2460941.1872390001 0.9953924248 0.0039437720 1.4319560000 0.0179400002 0.0003218436 1202.3548260000 807.4384680000
2460941.1874940000 0.9915484403 0.0039437720 1.4318510000 0.0181950000 0.0003310580 1202.0485030000 807.9442630000
2460941.1877480000 0.9971712439 0.0039437720 1.4317470000 0.0184490001 0.0003403656 1202.9970820000 804.6522330000
2460941.1880029999 0.9966245824 0.0039437720 1.4316450000 0.0187039999 0.0003498396 1203.2720770000 804.1139440000
2460941.1882690000 0.9933532908 0.0039437720 1.4315390000 0.0189700001 0.0003598609 1203.4798720000 804.1928770000
2460941.1885239999 0.9913748970 0.0039437720 1.4314400000 0.0192249999 0.0003696006 1203.4288030000 804.6932780000
2460941.1887780000 0.9915397631 0.0039437720 1.4313410000 0.0194790000 0.0003794314 1203.4658100000 804.2793680000
2460941.1890329998 0.9958870233 0.0039437720 1.4312440000 0.0197339999 0.0003894308 1204.0765940000 802.6777860000
2460941.1892990000 0.9875048809 0.0039437720 1.4311440000 0.0200000000 0.0004000000 1204.1186940000 803.3171680000
2460941.1895539998 0.9906633693 0.0039437720 1.4310500000 0.0202549999 0.0004102650 1204.0918410000 803.5755420000
2460941.1898079999 0.9908976528 0.0039437720 1.4309570000 0.0205089999 0.0004206191 1203.5930800000 803.7785740000
2460941.1900630002 0.9944986767 0.0039437720 1.4308650000 0.0207640002 0.0004311437 1202.6062310000 803.9622960000
2460941.1903289999 0.9865070068 0.0039437720 1.4307710000 0.0210299999 0.0004422609 1203.2299280000 803.8176880000
2460941.1905840002 0.9842856523 0.0039437720 1.4306820000 0.0212850003 0.0004530512 1203.5162680000 804.1624050000
2460941.1908379998 0.9905592434 0.0039437720 1.4305940000 0.0215389999 0.0004639285 1203.5750400000 803.6818570000
2460941.1911050002 0.9890580936 0.0039437720 1.4305040000 0.0218060003 0.0004755016 1204.0674390000 804.9365270000
2460941.1913589998 0.9885201093 0.0039437720 1.4304190000 0.0220599999 0.0004866436 1203.5761720000 805.0561540000
2460941.1916140001 0.9929107553 0.0039437720 1.4303360000 0.0223150002 0.0004979592 1203.0216590000 802.1938980000
2460941.1918680002 0.9859950540 0.0039437720 1.4302540000 0.0225690003 0.0005093598 1202.6899730000 802.4711730000
2460941.1921230000 0.9893444401 0.0039437720 1.4301730000 0.0228240001 0.0005209350 1203.2547680000 802.9955510000
2460941.1923890002 0.9911145820 0.0039437720 1.4300890000 0.0230900003 0.0005331481 1202.6476000000 804.0357090000
2460941.1926440001 0.9833224869 0.0039437720 1.4300110000 0.0233450001 0.0005449890 1203.0551320000 803.8444020000
2460941.1928980001 0.9845199358 0.0039437720 1.4299340000 0.0235990002 0.0005569128 1204.2155560000 803.0439570000
2460941.1931530000 0.9975877478 0.0039437720 1.4298590000 0.0238540000 0.0005690133 1203.6248250000 803.1731870000
2460941.1934190001 0.9890320621 0.0039437720 1.4297810000 0.0241200002 0.0005817744 1203.2144470000 803.0016570000
2460941.1939289998 0.9929628183 0.0039437720 1.4296370000 0.0246299999 0.0006066369 1203.1274910000 803.4759390000
2460941.1941829999 0.9889366133 0.0039437720 1.4295670000 0.0248840000 0.0006192135 1203.9562580000 802.2157730000
2460941.1947039999 0.9889105818 0.0039437720 1.4294270000 0.0254050000 0.0006454140 1203.3124760000 803.0754330000
2460941.1949590002 0.9941168814 0.0039437720 1.4293610000 0.0256600003 0.0006584356 1203.2533530000 803.4827830000
2460941.1952129998 0.9885982038 0.0039437720 1.4292960000 0.0259139999 0.0006715354 1203.3809300000 803.3844480000
2460941.1954680001 0.9818734001 0.0039437720 1.4292330000 0.0261690002 0.0006848166 1203.9155560000 803.1861990000
2460941.1957339998 0.9888498416 0.0039437720 1.4291680000 0.0264349999 0.0006988092 1203.5844020000 804.1817050000
2460941.1959890001 0.9994099527 0.0039437720 1.4291070000 0.0266900002 0.0007123561 1203.1709540000 803.9758720000
2460941.1962430002 0.9907674953 0.0039437720 1.4290470000 0.0269440003 0.0007259792 1203.5624800000 804.3368860000
2460941.1964980001 0.9908889757 0.0039437720 1.4289890000 0.0271990001 0.0007397856 1203.8567170000 803.5103780000
2460941.1967640002 0.9857954792 0.0039437720 1.4289300000 0.0274650003 0.0007543262 1204.3165270000 802.9273970000
2460941.1970190001 0.9843637468 0.0039437720 1.4288740000 0.0277200001 0.0007683984 1204.6119930000 803.0398180000
2460941.1972730001 0.9932491648 0.0039437720 1.4288200000 0.0279740002 0.0007825447 1204.6392940000 803.6418190000
2460941.1975280000 0.9922946766 0.0039437720 1.4287670000 0.0282290000 0.0007968764 1204.3646210000 804.1704770000
2460941.1977829998 0.9973014014 0.0039437720 1.4287160000 0.0284839999 0.0008113382 1204.9011400000 803.9146570000
2460941.1980369999 0.9918000781 0.0039437720 1.4286650000 0.0287380000 0.0008258726 1204.7841330000 803.4196120000
2460941.1982920002 0.9931710703 0.0039437720 1.4286170000 0.0289930003 0.0008405941 1204.4667050000 803.9855460000
2460941.1985579999 0.9946635429 0.0039437720 1.4285670000 0.0292590000 0.0008560891 1203.8834180000 804.0706560000
2460941.1988130002 1.0043732917 0.0039437720 1.4285210000 0.0295140003 0.0008710762 1203.8402000000 804.4103930000
2460941.1990669998 0.9937611176 0.0039437720 1.4284760000 0.0297679999 0.0008861338 1203.7491570000 803.8921930000
2460941.1993220001 0.9877565187 0.0039437720 1.4284320000 0.0300230002 0.0009013805 1203.9937330000 803.2427800000
2460941.1995879998 0.9970237320 0.0039437720 1.4283880000 0.0302889999 0.0009174235 1204.2871540000 804.2295580000
2460941.1998430002 0.9918608183 0.0039437720 1.4283470000 0.0305440002 0.0009329359 1204.0211760000 804.7829090000
2460941.2000970002 0.9948023775 0.0039437720 1.4283080000 0.0307980003 0.0009485168 1204.0344550000 804.9764770000
2460941.2003520001 0.9849711484 0.0039437720 1.4282700000 0.0310530001 0.0009642888 1204.4519120000 804.2679170000
2460941.2006179998 0.9872792746 0.0039437720 1.4282310000 0.0313189998 0.0009808798 1204.5317410000 803.4188750000
2460941.2008730001 0.9942557161 0.0039437720 1.4281960000 0.0315740001 0.0009969175 1204.1124190000 803.7209990000
2460941.2011279999 0.9946895744 0.0039437720 1.4281610000 0.0318290000 0.0010130852 1203.7073040000 804.3685270000
2460941.2013820000 0.9893444401 0.0039437720 1.4281290000 0.0320830001 0.0010293189 1203.3726650000 804.5914310000
2460941.2016369998 0.9905158575 0.0039437720 1.4280970000 0.0323379999 0.0010457462 1203.3084330000 803.4109330000
2460941.2018909999 0.9963555903 0.0039437720 1.4280670000 0.0325920000 0.0010622385 1203.6210620000 803.1476740000
2460941.2021460002 0.9889973535 0.0039437720 1.4280380000 0.0328470003 0.0010789254 1203.5382900000 803.5933700000
2460941.2024010001 0.9903423142 0.0039437720 1.4280100000 0.0331020001 0.0010957424 1203.1983890000 803.9720680000
2460941.2026550001 0.9911753221 0.0039437720 1.4279840000 0.0333560002 0.0011126227 1203.1190130000 805.3145430000
2460941.2029100000 0.9845719988 0.0039437720 1.4279590000 0.0336110000 0.0011296993 1204.1506040000 803.8678310000
2460941.2031649998 0.9956700941 0.0039437720 1.4279350000 0.0338659999 0.0011469059 1204.7746850000 803.3883880000
2460941.2034189999 0.9901600937 0.0039437720 1.4279130000 0.0341200000 0.0011641744 1204.0828740000 804.2086820000
2460941.2036850001 0.9890494165 0.0039437720 1.4278910000 0.0343860001 0.0011823970 1204.2794940000 804.6424210000
2460941.2039399999 0.9931537160 0.0039437720 1.4278720000 0.0346410000 0.0011999989 1204.2390650000 805.3738590000
2460941.2041950002 0.9905158575 0.0039437720 1.4278530000 0.0348960003 0.0012177308 1204.3990080000 804.1523540000
2460941.2044489998 0.9895440149 0.0039437720 1.4278360000 0.0351499999 0.0012355225 1204.3942990000 803.9013240000
2460941.2047040001 0.9908022040 0.0039437720 1.4278210000 0.0354050002 0.0012535140 1204.5063600000 803.6243060000
2460941.2049580002 0.9875048809 0.0039437720 1.4278060000 0.0356590003 0.0012715643 1204.3161380000 804.4327250000
2460941.2052130001 0.9920517159 0.0039437720 1.4277930000 0.0359140001 0.0012898154 1204.1017740000 804.5938080000
2460941.2054679999 0.9892576684 0.0039437720 1.4277810000 0.0361690000 0.0013081966 1205.1143240000 803.5572670000
2460941.2057220000 0.9939259838 0.0039437720 1.4277710000 0.0364230000 0.0013266349 1204.9007460000 803.3964690000
2460941.2059889999 0.9928934010 0.0039437720 1.4277620000 0.0366900000 0.0013461561 1205.1041160000 803.9821510000
2460941.2062430000 0.9913922513 0.0039437720 1.4277540000 0.0369440001 0.0013648591 1205.2563320000 804.5654280000
2460941.2064979998 0.9891969283 0.0039437720 1.4277480000 0.0371989999 0.0013837656 1204.7302340000 805.3417420000
2460941.2067519999 0.9939867239 0.0039437720 1.4277420000 0.0374530000 0.0014027272 1203.8013190000 804.0829340000
2460941.2070070002 0.9948023775 0.0039437720 1.4277390000 0.0377080003 0.0014218933 1204.2559810000 804.1126350000
2460941.2072620001 0.9961386611 0.0039437720 1.4277360000 0.0379630001 0.0014411894 1204.4555540000 804.4609600000
2460941.2075160001 0.9896654952 0.0039437720 1.4277350000 0.0382170002 0.0014605391 1204.4977770000 804.7032930000
2460941.2077710000 0.9957915745 0.0039437720 1.4277350000 0.0384720000 0.0014800948 1204.2910180000 804.9494370000
2460941.2080259998 0.9862380147 0.0039437720 1.4277370000 0.0387269999 0.0014997805 1204.1984410000 803.3869840000
2460941.2082920000 0.9844591956 0.0039437720 1.4277400000 0.0389930001 0.0015204541 1204.0434910000 803.0830460000
2460941.2085460001 0.9952796217 0.0039437720 1.4277440000 0.0392470001 0.0015403270 1203.7474140000 802.9452700000
2460941.2088009999 0.9877478416 0.0039437720 1.4277500000 0.0395020000 0.0015604080 1203.4975670000 803.6939290000
2460941.2090560002 0.9930148813 0.0039437720 1.4277570000 0.0397570003 0.0015806191 1203.4940980000 804.2088780000
2460941.2093099998 0.9904204087 0.0039437720 1.4277650000 0.0400109999 0.0016008801 1204.3633440000 802.8674480000
2460941.2095650001 0.9931450388 0.0039437720 1.4277740000 0.0402660002 0.0016213508 1204.4304600000 803.1649300000
2460941.2098190002 0.9909583930 0.0039437720 1.4277850000 0.0405200003 0.0016418704 1204.1530110000 803.6301790000
2460941.2100740001 0.9887023298 0.0039437720 1.4277970000 0.0407750001 0.0016626006 1204.0634650000 803.9632020000
2460941.2103289999 0.9863247863 0.0039437720 1.4278110000 0.0410300000 0.0016834609 1204.4116390000 804.2465280000
2460941.2105950001 0.9854397154 0.0039437720 1.4278260000 0.0412960001 0.0017053596 1204.9748950000 803.4797490000
2460941.2108499999 0.9897696212 0.0039437720 1.4278420000 0.0415510000 0.0017264856 1204.3494490000 803.7182650000
2460941.2111040000 0.9967634171 0.0039437720 1.4278600000 0.0418050000 0.0017476580 1204.2268640000 804.2071230000
2460941.2113589998 0.9902642197 0.0039437720 1.4278780000 0.0420599999 0.0017690436 1203.9355000000 804.4660200000
2460941.2116129999 0.9914182828 0.0039437720 1.4278990000 0.0423140000 0.0017904746 1203.7295940000 804.9676320000
2460941.2118680002 0.9920690702 0.0039437720 1.4279200000 0.0425690003 0.0018121198 1204.1426510000 803.0230250000
2460941.2121230001 0.9889366133 0.0039437720 1.4279430000 0.0428240001 0.0018338950 1204.1978410000 803.4177150000
2460941.2123770001 0.9917393379 0.0039437720 1.4279670000 0.0430780002 0.0018557141 1203.6877170000 804.3552790000
2460941.2126320000 0.9930322357 0.0039437720 1.4279920000 0.0433330000 0.0018777489 1203.5608570000 804.5167950000
2460941.2128980001 0.9945941256 0.0039437720 1.4280200000 0.0435990002 0.0019008728 1203.9435380000 804.7497720000
2460941.2131530000 0.9945247082 0.0039437720 1.4280480000 0.0438540000 0.0019231733 1203.9017970000 802.9870340000
2460941.2134070001 0.9932578420 0.0039437720 1.4280770000 0.0441080001 0.0019455157 1204.4381250000 802.8681290000
2460941.2136619999 0.9928239837 0.0039437720 1.4281080000 0.0443630000 0.0019680758 1204.0498120000 803.1615960000
2460941.2139170002 0.9885548180 0.0039437720 1.4281400000 0.0446180003 0.0019907659 1204.9711570000 803.5590510000
2460941.2141709998 0.9950887240 0.0039437720 1.4281740000 0.0448719999 0.0020134964 1204.6667050000 804.2248270000
2460941.2144260001 0.9952709445 0.0039437720 1.4282080000 0.0451270002 0.0020364461 1205.0490110000 802.9629160000
2460941.2146800002 0.9928413380 0.0039437720 1.4282440000 0.0453810003 0.0020594352 1205.2521710000 803.1812290000
2460941.2149350001 0.9888845503 0.0039437720 1.4282810000 0.0456360001 0.0020826445 1205.6201380000 803.9654370000
2460941.2152010002 0.9999652913 0.0039437720 1.4283220000 0.0459020003 0.0021069936 1205.5029410000 804.0686060000
2460941.2154560001 0.9919736214 0.0039437720 1.4283620000 0.0461570001 0.0021304687 1205.4315550000 804.0144440000
2460941.2157109999 0.9946375114 0.0039437720 1.4284030000 0.0464120000 0.0021540737 1205.2374350000 802.4712090000
2460941.2159650000 0.9888238101 0.0039437720 1.4284460000 0.0466660000 0.0021777156 1205.1943300000 802.7077620000
2460941.2162310001 0.9906894008 0.0039437720 1.4284920000 0.0469320002 0.0022026126 1205.0470930000 803.0180350000
2460941.2164860000 0.9849277626 0.0039437720 1.4285370000 0.0471870000 0.0022266130 1205.0489500000 803.8005800000
2460941.2167409998 0.9992971496 0.0039437720 1.4285840000 0.0474419999 0.0022507434 1204.8972570000 804.4202260000
2460941.2169949999 0.9946635429 0.0039437720 1.4286320000 0.0476960000 0.0022749084 1205.0676670000 803.2448020000
2460941.2172500002 0.9920864246 0.0039437720 1.4286810000 0.0479510003 0.0022992984 1205.1672420000 803.3063020000
2460941.2175159999 0.9905332119 0.0039437720 1.4287340000 0.0482170000 0.0023248791 1204.8165370000 803.4318610000
2460941.2177710002 0.9919042041 0.0039437720 1.4287860000 0.0484720003 0.0023495348 1204.5518800000 804.0549810000
2460941.2180249998 0.9925376372 0.0039437720 1.4288390000 0.0487259999 0.0023742231 1204.5285350000 803.8579210000
2460941.2182800001 0.9909323615 0.0039437720 1.4288940000 0.0489810002 0.0023991384 1204.0362090000 803.3433340000
2460941.2185459998 0.9917306608 0.0039437720 1.4289530000 0.0492469999 0.0024252670 1204.2121540000 803.7833460000
2460941.2188010002 0.9915050544 0.0039437720 1.4290100000 0.0495020002 0.0024504480 1203.8475630000 803.9199660000
2460941.2190550002 0.9924942514 0.0039437720 1.4290690000 0.0497560003 0.0024756596 1204.3036750000 804.3445780000
2460941.2193100001 0.9957221571 0.0039437720 1.4291290000 0.0500110001 0.0025011001 1204.1876390000 804.2781400000
2460941.2195759998 1.0028721420 0.0039437720 1.4291930000 0.0502769998 0.0025277767 1204.8399130000 803.4523760000
2460941.2198310001 0.9938131806 0.0039437720 1.4292550000 0.0505320001 0.0025534830 1204.2212340000 804.3341950000
2460941.2200850002 0.9939693696 0.0039437720 1.4293190000 0.0507860002 0.0025792178 1204.2690010000 805.1725910000
2460941.2203400000 0.9930929758 0.0039437720 1.4293850000 0.0510410001 0.0026051837 1204.0007490000 804.6004710000
2460941.2206060002 0.9966072281 0.0039437720 1.4294540000 0.0513070002 0.0026324083 1204.1514430000 804.4353260000
2460941.2208610000 0.9933359365 0.0039437720 1.4295220000 0.0515620001 0.0026586399 1204.6224350000 803.2108520000
2460941.2211159999 0.9924508655 0.0039437720 1.4295920000 0.0518169999 0.0026850015 1204.3678860000 803.7274650000
2460941.2213699999 0.9912100308 0.0039437720 1.4296620000 0.0520710000 0.0027113890 1204.6969120000 803.9933790000
2460941.2216360001 1.0000433858 0.0039437720 1.4297380000 0.0523370001 0.0027391616 1204.6894640000 804.7719330000
2460941.2218909999 0.9899344874 0.0039437720 1.4298110000 0.0525920000 0.0027659185 1205.0160870000 803.5498960000
2460941.2221459998 0.9945073539 0.0039437720 1.4298860000 0.0528469998 0.0027928054 1205.0472070000 803.1715630000
2460941.2223999999 0.9960865981 0.0039437720 1.4299620000 0.0531009999 0.0028197162 1204.6144570000 803.5883710000
2460941.2226660000 0.9898824244 0.0039437720 1.4300430000 0.0533670001 0.0028480367 1204.6194280000 803.7556820000
2460941.2229209999 0.9876784242 0.0039437720 1.4301220000 0.0536219999 0.0028753189 1204.8596460000 804.1648350000
2460941.2231760002 0.9917914009 0.0039437720 1.4302020000 0.0538770002 0.0029027312 1205.2356270000 803.7239420000
2460941.2234299998 0.9879474164 0.0039437720 1.4302830000 0.0541309998 0.0029301651 1205.0371880000 803.7657080000
2460941.2236970002 0.9912794481 0.0039437720 1.4303700000 0.0543980002 0.0029591424 1204.7888220000 803.7232670000
2460941.2239509998 0.9920690702 0.0039437720 1.4304540000 0.0546519998 0.0029868411 1205.0058020000 804.1577260000
2460941.2242060001 0.9898477157 0.0039437720 1.4305390000 0.0549070002 0.0030147787 1204.5828870000 804.9489170000
2460941.2244600002 0.9940734956 0.0039437720 1.4306260000 0.0551610002 0.0030427359 1204.5645940000 803.9682090000
2460941.2247270001 0.9922426136 0.0039437720 1.4307180000 0.0554280002 0.0030722632 1204.8917070000 803.6261520000
2460941.2249810002 0.9892489913 0.0039437720 1.4308070000 0.0556820002 0.0031004852 1204.8212010000 804.0521940000
2460941.2252360000 0.9935528656 0.0039437720 1.4308980000 0.0559370001 0.0031289480 1205.2840130000 804.2380170000
2460941.2255020002 0.9903423142 0.0039437720 1.4309950000 0.0562030002 0.0031587772 1205.0222340000 804.9229920000
2460941.2257570000 0.9933446136 0.0039437720 1.4310880000 0.0564580001 0.0031875058 1204.8074360000 803.5359930000
2460941.2260110001 0.9956353855 0.0039437720 1.4311830000 0.0567120002 0.0032162510 1205.0741270000 803.1893510000
2460941.2262660000 0.9966245824 0.0039437720 1.4312790000 0.0569670000 0.0032452391 1205.4462960000 803.7020290000
2460941.2265320001 0.9882511172 0.0039437720 1.4313810000 0.0572330002 0.0032756163 1204.7341640000 803.7662270000
2460941.2267870000 0.9919822986 0.0039437720 1.4314800000 0.0574880000 0.0033048701 1205.2788160000 804.2949770000
2460941.2270410000 0.9879734479 0.0039437720 1.4315800000 0.0577420001 0.0033341386 1205.6346980000 803.1490690000
2460941.2272959999 0.9918434639 0.0039437720 1.4316820000 0.0579969999 0.0033636520 1205.7145650000 803.0432770000
2460941.2278169999 0.9844158098 0.0039437720 1.4318940000 0.0585179999 0.0034243563 1205.4367570000 804.4763360000
2460941.2280710000 0.9952449130 0.0039437720 1.4319990000 0.0587720000 0.0034541480 1205.3632330000 804.6110120000
2460941.2283259998 0.9867846761 0.0039437720 1.4321060000 0.0590269999 0.0034841867 1205.0614300000 803.0810840000
2460941.2285920000 0.9981517636 0.0039437720 1.4322190000 0.0592930000 0.0035156599 1205.3288060000 803.5378840000
2460941.2288469998 0.9894225346 0.0039437720 1.4323290000 0.0595479999 0.0035459643 1205.6791360000 803.8713740000
2460941.2291020001 0.9879387392 0.0039437720 1.4324400000 0.0598030002 0.0035763988 1205.6877720000 804.6218190000
2460941.2293560002 0.9933012278 0.0039437720 1.4325520000 0.0600570003 0.0036068433 1205.4547790000 804.5492550000
2460941.2296219999 0.9928153065 0.0039437720 1.4326710000 0.0603230000 0.0036388643 1205.0853820000 802.5572980000
2460941.2298770002 0.9913488655 0.0039437720 1.4327860000 0.0605780003 0.0036696941 1204.8207500000 803.1498090000
2460941.2301320001 0.9983079526 0.0039437720 1.4329030000 0.0608330001 0.0037006539 1205.1247300000 803.4679480000
2460941.2303860001 0.9930148813 0.0039437720 1.4330200000 0.0610870002 0.0037316216 1205.2982930000 804.2947070000
2460941.2306519998 0.9965898737 0.0039437720 1.4331450000 0.0613529999 0.0037641906 1205.0058680000 804.5399160000
2460941.2309070001 0.9921471647 0.0039437720 1.4332650000 0.0616080002 0.0037955457 1205.0465940000 803.2829530000
2460941.2311620000 0.9878606447 0.0039437720 1.4333870000 0.0618630000 0.0038270308 1205.4707050000 803.3085430000
2460941.2314160001 0.9894225346 0.0039437720 1.4335100000 0.0621170001 0.0038585217 1205.6360080000 803.4164080000
2460941.2316709999 0.9938131806 0.0039437720 1.4336340000 0.0623720000 0.0038902664 1205.9726100000 803.9547880000
2460941.2319370001 0.9854397154 0.0039437720 1.4337660000 0.0626380001 0.0039235191 1205.9819620000 803.6188960000
2460941.2321919999 0.9894138574 0.0039437720 1.4338930000 0.0628930000 0.0039555294 1205.9208050000 802.8881570000
2460941.2324460000 0.9861425658 0.0039437720 1.4340220000 0.0631470000 0.0039875436 1205.8527460000 803.9456080000
2460941.2327009998 0.9923554167 0.0039437720 1.4341510000 0.0634019999 0.0040198136 1205.4788840000 804.1834350000
2460941.2329670000 0.9936222830 0.0039437720 1.4342890000 0.0636680000 0.0040536142 1205.4866980000 804.6892370000
2460941.2332219998 0.9941602673 0.0039437720 1.4344210000 0.0639229999 0.0040861499 1205.5438220000 805.0186060000
2460941.2334759999 0.9969369604 0.0039437720 1.4345550000 0.0641770000 0.0041186873 1205.5765380000 803.0672760000
2460941.2337310002 0.9875395896 0.0039437720 1.4346900000 0.0644320003 0.0041514827 1206.1150740000 803.3132050000
2460941.2339969999 0.9918434639 0.0039437720 1.4348330000 0.0646980000 0.0041858312 1205.7495600000 803.7771830000
2460941.2342520002 0.9876610699 0.0039437720 1.4349710000 0.0649530003 0.0042188922 1206.1207780000 804.6774040000
2460941.2345070001 0.9904377630 0.0039437720 1.4351100000 0.0652080001 0.0042520833 1206.0150780000 804.3317730000
2460941.2347610001 0.9902034795 0.0039437720 1.4352510000 0.0654620002 0.0042852735 1205.4857480000 803.3175300000
2460941.2350269998 0.9852748492 0.0039437720 1.4354000000 0.0657279999 0.0043201700 1205.5701930000 803.5171190000
2460941.2352820002 0.9889366133 0.0039437720 1.4355430000 0.0659830002 0.0043537563 1206.1305180000 804.0942090000
2460941.2355370000 0.9899084559 0.0039437720 1.4356880000 0.0662380001 0.0043874727 1205.9070610000 804.2536730000
2460941.2357910001 0.9956527398 0.0039437720 1.4358340000 0.0664920001 0.0044211861 1206.0160240000 803.7539100000
2460941.2360459999 0.9892316369 0.0039437720 1.4359810000 0.0667470000 0.0044551620 1205.9233840000 802.6852580000
2460941.2363000000 0.9876784242 0.0039437720 1.4361300000 0.0670010000 0.0044891340 1206.0012970000 802.7624010000
2460941.2365669999 0.9880862510 0.0039437720 1.4362870000 0.0672680000 0.0045249838 1206.0681790000 803.2320360000
2460941.2368210000 0.9906894008 0.0039437720 1.4364380000 0.0675220001 0.0045592205 1205.3263790000 803.9508920000
2460941.2370759998 0.9895006291 0.0039437720 1.4365910000 0.0677769999 0.0045937217 1204.9321190000 803.3904130000
2460941.2373310002 0.9935962515 0.0039437720 1.4367460000 0.0680320002 0.0046283531 1205.1410950000 803.0710300000
2460941.2375850002 0.9878693219 0.0039437720 1.4369010000 0.0682860003 0.0046629778 1205.0349060000 802.9020500000
2460941.2378509999 0.9936049286 0.0039437720 1.4370650000 0.0685520000 0.0046993767 1204.6618480000 803.1701060000
2460941.2381059998 0.9866111328 0.0039437720 1.4372230000 0.0688069998 0.0047344032 1204.8999620000 803.4186460000
2460941.2383610001 0.9967026769 0.0039437720 1.4373830000 0.0690620001 0.0047695599 1204.8267910000 803.2516110000
2460941.2386150002 0.9900993536 0.0039437720 1.4375440000 0.0693160002 0.0048047079 1205.3632820000 802.7853530000
2460941.2388809999 0.9908369127 0.0039437720 1.4377140000 0.0695819999 0.0048416547 1205.4127790000 803.3465600000
2460941.2391360002 0.9923988026 0.0039437720 1.4378780000 0.0698370002 0.0048772066 1205.4351640000 803.8710280000
2460941.2393910000 0.9879474164 0.0039437720 1.4380430000 0.0700920001 0.0049128885 1205.6785100000 804.0989880000
2460941.2396450001 0.9869755738 0.0039437720 1.4382090000 0.0703460001 0.0049485597 1205.2962810000 803.0969360000
2460941.2398999999 0.9856479674 0.0039437720 1.4383770000 0.0706010000 0.0049845012 1205.1156130000 802.8702640000
2460941.2401660001 0.9955486138 0.0039437720 1.4385540000 0.0708670001 0.0050221317 1204.9072150000 803.0456850000
2460941.2404209999 0.9918868498 0.0039437720 1.4387240000 0.0711220000 0.0050583389 1205.3377860000 803.8424930000
2460941.2406750000 0.9928239837 0.0039437720 1.4388960000 0.0713760001 0.0050945334 1205.3834710000 804.1289840000
2460941.2409299999 0.9856653217 0.0039437720 1.4390690000 0.0716309999 0.0051310001 1205.6419270000 803.4865490000
2460941.2411850002 0.9945594169 0.0039437720 1.4392440000 0.0718860002 0.0051675970 1205.6095190000 802.9054170000
2460941.2414509999 0.9894312118 0.0039437720 1.4394280000 0.0721519999 0.0052059111 1205.6587120000 803.2910960000
2460941.2417049999 0.9919128813 0.0039437720 1.4396050000 0.0724060000 0.0052426288 1205.2575930000 803.9296460000
2460941.2419599998 0.9928760467 0.0039437720 1.4397840000 0.0726609998 0.0052796209 1204.7412700000 804.2448750000
2460941.2422150001 0.9919389128 0.0039437720 1.4399640000 0.0729160002 0.0053167431 1204.9393490000 803.2077540000
2460941.2424809998 0.9879908022 0.0039437720 1.4401540000 0.0731819998 0.0053556051 1205.2875030000 803.2916450000
2460941.2427360001 0.9944292594 0.0039437720 1.4403370000 0.0734370002 0.0053929930 1205.7440700000 803.8793310000
2460941.2429900002 0.9793656992 0.0039437720 1.4405210000 0.0736910002 0.0054303635 1205.9109820000 803.9602430000
2460941.2432450000 0.9934747711 0.0039437720 1.4407060000 0.0739460001 0.0054680109 1206.7018610000 803.5145440000
2460941.2435110002 0.9840860775 0.0039437720 1.4409020000 0.0742120002 0.0055074210 1206.3296770000 802.5438650000
2460941.2437660000 0.9862814005 0.0039437720 1.4410900000 0.0744670001 0.0055453341 1206.0817770000 802.9411980000
2460941.2440200001 0.9824287388 0.0039437720 1.4412800000 0.0747210002 0.0055832279 1206.1915020000 802.9524810000
2460941.2442749999 0.9962688186 0.0039437720 1.4414710000 0.0749760000 0.0056214006 1206.0001950000 803.6482910000
2460941.2445290000 0.9911232591 0.0039437720 1.4416630000 0.0752300001 0.0056595529 1206.5117060000 803.3853800000
2460941.2447960000 0.9904464402 0.0039437720 1.4418660000 0.0754970000 0.0056997970 1206.1502490000 802.0074130000
2460941.2450500000 0.9879821250 0.0039437720 1.4420610000 0.0757510001 0.0057382140 1206.1701800000 802.2790150000
2460941.2453049999 0.9924682199 0.0039437720 1.4422580000 0.0760059999 0.0057769120 1205.7491720000 802.3942770000
2460941.2455600002 0.9792095102 0.0039437720 1.4424560000 0.0762610002 0.0058157402 1205.9802640000 802.7747440000
2460941.2458139998 0.9919562671 0.0039437720 1.4426550000 0.0765149998 0.0058545452 1206.1368110000 802.9886590000
2460941.2460800000 0.9850752744 0.0039437720 1.4428650000 0.0767810000 0.0058953220 1205.6070150000 801.9422260000
2460941.2463349998 0.9911232591 0.0039437720 1.4430670000 0.0770359999 0.0059345453 1205.4754740000 802.3271190000
2460941.2465900001 0.9882945030 0.0039437720 1.4432700000 0.0772910002 0.0059738987 1205.4852180000 802.1173880000
2460941.2468440002 0.9871925029 0.0039437720 1.4434750000 0.0775450002 0.0060132271 1205.6619060000 802.7719010000
2460941.2471099999 0.9897522669 0.0039437720 1.4436900000 0.0778109999 0.0060545517 1205.7288050000 803.5473110000
2460941.2473650002 0.9910451646 0.0039437720 1.4438980000 0.0780660002 0.0060943004 1205.4928820000 802.9189750000
2460941.2476200000 0.9933966766 0.0039437720 1.4441070000 0.0783210001 0.0061341791 1206.0192290000 802.9295530000
2460941.2478740001 0.9856739989 0.0039437720 1.4443170000 0.0785750002 0.0061740307 1205.8351680000 803.4225410000
2460941.2481410000 0.9953490390 0.0039437720 1.4445380000 0.0788420001 0.0062160610 1206.0688870000 803.8294780000
2460941.2483950001 0.9959390863 0.0039437720 1.4447520000 0.0790960002 0.0062561772 1206.1823370000 804.5868940000
2460941.2486500000 0.9852574949 0.0039437720 1.4449660000 0.0793510000 0.0062965812 1206.0227300000 803.5564360000
2460941.2489040000 0.9958957005 0.0039437720 1.4451820000 0.0796050001 0.0063369560 1205.8572030000 803.8501700000
2460941.2491589999 0.9931537160 0.0039437720 1.4453990000 0.0798599999 0.0063776196 1206.1694070000 803.8267650000
2460941.2494250000 0.9827671482 0.0039437720 1.4456280000 0.0801260001 0.0064201759 1206.2269550000 803.6787850000
2460941.2496799999 0.9928673695 0.0039437720 1.4458480000 0.0803809999 0.0064611052 1206.6826550000 804.0364370000
2460941.2499340000 0.9938739208 0.0039437720 1.4460690000 0.0806350000 0.0065020032 1206.2084160000 802.9831040000
2460941.2501889998 0.9975877478 0.0039437720 1.4462920000 0.0808899999 0.0065431921 1206.2964860000 803.4579240000
2460941.2504440001 0.9960345351 0.0039437720 1.4465160000 0.0811450002 0.0065845111 1205.4057680000 803.6427600000
2460941.2507099998 0.9935615428 0.0039437720 1.4467520000 0.0814109999 0.0066277509 1206.0050350000 804.2319320000
2460941.2509650001 0.9900125819 0.0039437720 1.4469790000 0.0816660002 0.0066693356 1205.8443490000 804.2934690000
2460941.2512190002 1.0004338583 0.0039437720 1.4472070000 0.0819200003 0.0067108864 1205.3894370000 803.1217570000
2460941.2514740000 0.9892923771 0.0039437720 1.4474360000 0.0821750001 0.0067527306 1205.5402650000 803.6822270000
2460941.2517280001 0.9930409128 0.0039437720 1.4476680000 0.0824290002 0.0067945401 1205.4662250000 804.1883570000
2460941.2519830000 0.9944379366 0.0039437720 1.4479000000 0.0826840000 0.0068366439 1205.5353780000 804.8034120000
2460941.2522490001 0.9898477157 0.0039437720 1.4481440000 0.0829500002 0.0068807025 1205.2553710000 803.9937470000
2460941.2525040000 0.9949932752 0.0039437720 1.4483800000 0.0832050000 0.0069230720 1205.0924390000 802.7354110000
2460941.2527580000 0.9871577943 0.0039437720 1.4486160000 0.0834590001 0.0069654047 1205.2451610000 803.1434240000
2460941.2530129999 0.9833832270 0.0039437720 1.4488540000 0.0837139999 0.0070080338 1205.4614800000 804.0637810000
2460941.2532790001 0.9999219055 0.0039437720 1.4491050000 0.0839800001 0.0070526404 1206.2570620000 804.3482080000
2460941.2535339999 0.9948544405 0.0039437720 1.4493450000 0.0842350000 0.0070955352 1205.7876370000 804.3289670000
2460941.2537890002 0.9962080784 0.0039437720 1.4495880000 0.0844900003 0.0071385601 1205.7160090000 803.1901060000
2460941.2540549999 0.9872705974 0.0039437720 1.4498420000 0.0847560000 0.0071835795 1205.9350120000 803.5869110000
2460941.2543090000 0.9924682199 0.0039437720 1.4500870000 0.0850100000 0.0072267001 1205.8561700000 804.0504280000
2460941.2545639998 0.9966332596 0.0039437720 1.4503340000 0.0852649999 0.0072701202 1206.1577220000 804.7746280000
2460941.2548190001 0.9909410387 0.0039437720 1.4505820000 0.0855200002 0.0073136704 1206.2876960000 804.6303040000
2460941.2550849998 0.9954271335 0.0039437720 1.4508420000 0.0857859999 0.0073592378 1206.6685630000 803.3337010000
2460941.2553389999 0.9879213849 0.0039437720 1.4510930000 0.0860400000 0.0074028816 1206.4933160000 804.1267580000
2460941.2555940002 0.9925202829 0.0039437720 1.4513450000 0.0862950003 0.0074468271 1206.6433990000 804.6410580000
2460941.2558490001 0.9878085817 0.0039437720 1.4515980000 0.0865500001 0.0074909025 1206.5256780000 804.6794730000
2460941.2561030001 0.9940387869 0.0039437720 1.4518530000 0.0868040002 0.0075349344 1206.3527110000 803.6979740000
2460941.2563700001 0.9826977309 0.0039437720 1.4521210000 0.0870710001 0.0075813591 1206.8138940000 802.5440810000
2460941.2566240001 0.9877912274 0.0039437720 1.4523790000 0.0873250002 0.0076256557 1207.1669060000 802.4542550000
2460941.2568790000 0.9910538418 0.0039437720 1.4526380000 0.0875800001 0.0076702564 1207.4595450000 802.4927960000
2460941.2571450002 0.9921037789 0.0039437720 1.4529100000 0.0878460002 0.0077169198 1207.1496140000 803.0361090000
2460941.2574000000 0.9868107076 0.0039437720 1.4531720000 0.0881010001 0.0077617862 1206.6515210000 802.4127700000
2460941.2576540001 0.9907674953 0.0039437720 1.4534350000 0.0883550001 0.0078066060 1205.9627660000 802.4488760000
2460941.2579089999 0.9913662198 0.0039437720 1.4537000000 0.0886100000 0.0078517321 1205.7767870000 803.5268370000
2460941.2581630000 0.9944466137 0.0039437720 1.4539660000 0.0888640000 0.0078968105 1205.6164660000 805.1968520000
2460941.2584299999 0.9943511649 0.0039437720 1.4542450000 0.0891310000 0.0079443352 1206.5121400000 805.8355040000
2460941.2586840000 0.9927025034 0.0039437720 1.4545140000 0.0893850001 0.0079896782 1206.1265610000 803.7421350000
2460941.2589389998 0.9928066294 0.0039437720 1.4547850000 0.0896399999 0.0080353296 1206.2630890000 802.2530070000
2460941.2591940002 0.9918521411 0.0039437720 1.4550560000 0.0898950002 0.0080811111 1206.5254910000 802.3393160000
2460941.2594599999 0.9906026292 0.0039437720 1.4553420000 0.0901609999 0.0081290059 1206.6384040000 802.2394370000
2460941.2597139999 0.9932665192 0.0039437720 1.4556170000 0.0904150000 0.0081748722 1207.4773450000 802.8864050000
2460941.2599689998 0.9853702981 0.0039437720 1.4558930000 0.0906699998 0.0082210489 1206.1025090000 801.3646370000
2460941.2602240001 0.9887110070 0.0039437720 1.4561700000 0.0909250001 0.0082673557 1205.3723430000 802.2297150000
2460941.2604899998 0.9893704716 0.0039437720 1.4564610000 0.0911909998 0.0083157985 1205.7423480000 802.1841290000
2460941.2607439999 0.9884593692 0.0039437720 1.4567420000 0.0914449999 0.0083621880 1205.5310950000 803.1598480000
2460941.2609990002 0.9882945030 0.0039437720 1.4570230000 0.0917000002 0.0084088900 1206.3166870000 803.6390030000
2460941.2612540000 0.9931797475 0.0039437720 1.4573060000 0.0919550001 0.0084557220 1205.4247550000 802.1462260000
2460941.2615080001 0.9846587704 0.0039437720 1.4575910000 0.0922090001 0.0085024997 1205.1020700000 801.3002800000
2460941.2617750000 0.9935962515 0.0039437720 1.4578900000 0.0924760001 0.0085518106 1205.3704030000 800.5385430000
2460941.2620290001 0.9916352119 0.0039437720 1.4581770000 0.0927300001 0.0085988529 1205.1613820000 801.0707610000
2460941.2622839999 0.9993058267 0.0039437720 1.4584660000 0.0929850000 0.0086462102 1205.6026830000 800.6910570000
2460941.2625500001 0.9934574168 0.0039437720 1.4587690000 0.0932510002 0.0086957490 1205.2518230000 800.7630780000
2460941.2628049999 1.0059351816 0.0039437720 1.4590610000 0.0935060000 0.0087433720 1204.9490120000 800.6579850000
2460941.2630590000 0.9981344093 0.0039437720 1.4593540000 0.0937600001 0.0087909376 1205.3077410000 801.2628690000
2460941.2633139999 0.9911666450 0.0039437720 1.4596480000 0.0940149999 0.0088388202 1205.3611030000 801.3569140000
2460941.2635800000 0.9995401102 0.0039437720 1.4599580000 0.0942810001 0.0088889070 1205.8037820000 801.4726510000
2460941.2638349999 0.9979782203 0.0039437720 1.4602550000 0.0945359999 0.0089370553 1204.8499400000 801.1341350000
2460941.2640889999 0.9997917480 0.0039437720 1.4605540000 0.0947900000 0.0089851441 1205.6712840000 801.9633810000
2460941.2643439998 0.9997483622 0.0039437720 1.4608540000 0.0950449998 0.0090335520 1205.3174940000 802.0763060000
2460941.2646100000 0.9957048028 0.0039437720 1.4611690000 0.0953110000 0.0090841867 1205.7879000000 802.1145470000
2460941.2648649998 0.9894745976 0.0039437720 1.4614720000 0.0955659999 0.0091328603 1205.7284780000 802.8423510000
2460941.2651189999 1.0042257799 0.0039437720 1.4617770000 0.0958199999 0.0091814724 1204.9683140000 802.1970710000
2460941.2653740002 0.9918521411 0.0039437720 1.4620830000 0.0960750002 0.0092304057 1205.5947020000 802.5270960000
2460941.2656399999 0.9942557161 0.0039437720 1.4624040000 0.0963409999 0.0092815883 1206.5136740000 802.7681190000
2460941.2658950002 0.9921818734 0.0039437720 1.4627130000 0.0965960003 0.0093307873 1207.3857560000 802.4215590000
2460941.2661489998 0.9925897002 0.0039437720 1.4630230000 0.0968499999 0.0093799225 1207.3025600000 802.0304400000
2460941.2664160002 0.9920170072 0.0039437720 1.4633490000 0.0971170003 0.0094317117 1206.2359940000 801.0612500000
2460941.2666699998 0.9987938739 0.0039437720 1.4636620000 0.0973709999 0.0094811116 1205.8449590000 801.1708700000
2460941.2669250001 0.9951668185 0.0039437720 1.4639770000 0.0976260002 0.0095308359 1205.8267040000 801.9428020000
2460941.2671790002 0.9972233069 0.0039437720 1.4642930000 0.0978800002 0.0095804944 1205.9251470000 802.0097860000
2460941.2674460001 0.9913748970 0.0039437720 1.4646240000 0.0981470002 0.0096328336 1205.4948870000 801.6753560000
2460941.2677000002 0.9982038266 0.0039437720 1.4649430000 0.0984010003 0.0096827569 1205.6843030000 802.0458650000
2460941.2679550000 0.9994706929 0.0039437720 1.4652640000 0.0986560001 0.0097330064 1205.5963910000 801.3872560000
2460941.2682099999 0.9934400625 0.0039437720 1.4655850000 0.0989110000 0.0097833859 1205.9543580000 801.8035040000
2460941.2684760001 0.9860471170 0.0039437720 1.4659230000 0.0991770001 0.0098360774 1205.5540530000 801.7245050000
2460941.2687300001 0.9924074797 0.0039437720 1.4662480000 0.0994310002 0.0098865238 1206.5678360000 802.4435690000
2460941.2689850000 0.9976658423 0.0039437720 1.4665740000 0.0996860000 0.0099372986 1206.2094620000 802.2847310000
2460941.2692399998 1.0009284568 0.0039437720 1.4669020000 0.0999409999 0.0099882035 1206.2005460000 802.0907050000
2460941.2695060000 1.0025250553 0.0039437720 1.4672460000 0.1002070000 0.0100414429 1206.2423080000 802.6191990000
2460941.2697600001 0.9979348345 0.0039437720 1.4675760000 0.1004610001 0.0100924125 1206.3815880000 802.6268380000
2460941.2700149999 0.9924508655 0.0039437720 1.4679080000 0.1007160000 0.0101437126 1206.5794390000 802.9948810000
2460941.2702810001 0.9969022517 0.0039437720 1.4682570000 0.1009820001 0.0101973643 1205.8650690000 801.9926730000
2460941.2705359999 1.0030630396 0.0039437720 1.4685910000 0.1012370000 0.0102489302 1205.7207570000 801.4979300000
2460941.2707910002 0.9987765196 0.0039437720 1.4689280000 0.1014920003 0.0103006261 1206.4466590000 802.5621990000
2460941.2710449998 1.0074623628 0.0039437720 1.4692650000 0.1017459999 0.0103522485 1206.8156830000 803.1531170000
2460941.2713110000 0.9939433381 0.0039437720 1.4696200000 0.1020120000 0.0104064482 1206.5901820000 803.0765770000
2460941.2715659998 0.9912881253 0.0039437720 1.4699610000 0.1022669999 0.0104585393 1206.0281720000 802.8167010000
2460941.2718210001 0.9955572910 0.0039437720 1.4703030000 0.1025220002 0.0105107605 1206.0105530000 802.6908930000
2460941.2720750002 1.0060393076 0.0039437720 1.4706460000 0.1027760003 0.0105629062 1206.0711200000 803.2784460000
2460941.2723409999 1.0021866458 0.0039437720 1.4710070000 0.1030420000 0.0106176538 1206.3621950000 803.3113210000
2460941.2725960002 0.9977873227 0.0039437720 1.4713540000 0.1032970003 0.0106702703 1206.3474690000 803.0764940000
2460941.2728510001 1.0059785674 0.0039437720 1.4717020000 0.1035520001 0.0107230167 1205.9068400000 802.2501690000
2460941.2731050001 1.0047117012 0.0039437720 1.4720510000 0.1038060002 0.0107756857 1206.3510270000 803.4233830000
2460941.2733720001 0.9952709445 0.0039437720 1.4724180000 0.1040730001 0.0108311894 1206.3043860000 803.6329980000
2460941.2736260002 1.0033754176 0.0039437720 1.4727700000 0.1043270002 0.0108841230 1206.3342900000 803.6140860000
2460941.2738810000 1.0054752918 0.0039437720 1.4731240000 0.1045820001 0.0109373947 1206.3542960000 803.2978530000
2460941.2741350001 1.0063516855 0.0039437720 1.4734790000 0.1048360001 0.0109905869 1205.5231110000 803.0903010000
2460941.2744020000 1.0052323311 0.0039437720 1.4738520000 0.1051030001 0.0110466406 1205.9682020000 803.6329220000
2460941.2746560001 0.9988285826 0.0039437720 1.4742110000 0.1053570001 0.0111000975 1205.4145780000 803.8416730000
2460941.2749109999 1.0041650397 0.0039437720 1.4745700000 0.1056120000 0.0111538945 1204.9226230000 803.6484990000
2460941.2751770001 1.0133541585 0.0039437720 1.4749480000 0.1058780001 0.0112101509 1204.6982160000 802.8188420000
2460941.2754319999 1.0029328821 0.0039437720 1.4753110000 0.1061330000 0.0112642137 1205.2440660000 803.9493060000
2460941.2756860000 0.9968068029 0.0039437720 1.4756750000 0.1063870001 0.0113181938 1205.8792900000 804.8159680000
2460941.2759409999 1.0000000000 0.0039437720 1.4760410000 0.1066419999 0.0113725161 1205.7483910000 805.6141520000
2460941.2762070000 1.0104559851 0.0039437720 1.4764240000 0.1069080001 0.0114293205 1205.6960210000 805.4170170000
2460941.2764619999 0.9971191809 0.0039437720 1.4767930000 0.1071629999 0.0114839086 1205.6452040000 804.4045330000
2460941.2767159999 0.9974575904 0.0039437720 1.4771630000 0.1074170000 0.0115384119 1205.2386840000 804.3547370000
2460941.2769709998 1.0031845199 0.0039437720 1.4775350000 0.1076719998 0.0115932595 1205.2060730000 803.9500140000
2460941.2772369999 1.0006421103 0.0039437720 1.4779250000 0.1079380000 0.0116506118 1205.9712260000 803.8835020000
2460941.2774919998 1.0074363313 0.0039437720 1.4782990000 0.1081929998 0.0117057252 1205.7257050000 803.4679490000
2460941.2777459999 1.0039307562 0.0039437720 1.4786750000 0.1084469999 0.0117607518 1205.5075540000 803.4276200000
2460941.2780010002 1.0008590394 0.0039437720 1.4790530000 0.1087020002 0.0118161249 1205.9469050000 803.2790260000
2460941.2782669999 0.9978827715 0.0039437720 1.4794490000 0.1089679999 0.0118740250 1206.2954550000 803.0001950000
2460941.2785220002 1.0079135754 0.0039437720 1.4798290000 0.1092230002 0.0119296638 1206.4790600000 802.7247950000
2460941.2787770000 1.0045208035 0.0039437720 1.4802110000 0.1094780001 0.0119854325 1206.7838200000 803.3589190000
2460941.2790310001 1.0027766931 0.0039437720 1.4805950000 0.1097320002 0.0120411119 1206.1765300000 802.8793450000
2460941.2792969998 1.0073322053 0.0039437720 1.4809970000 0.1099979999 0.0120995600 1206.1563010000 802.4554970000
2460941.2795520001 1.0084081739 0.0039437720 1.4813840000 0.1102530002 0.0121557240 1206.5385090000 802.7670760000
2460941.2798070000 1.0010586143 0.0039437720 1.4817710000 0.1105080000 0.0122120181 1206.6596220000 802.9204680000
2460941.2800610000 1.0035576381 0.0039437720 1.4821610000 0.1107620001 0.0122682207 1206.5292290000 803.4702930000
2460941.2803270002 1.0041910712 0.0039437720 1.4825700000 0.1110280002 0.0123272168 1205.7630960000 802.4319010000
2460941.2805820000 0.9933099050 0.0039437720 1.4829620000 0.1112830001 0.0123839061 1205.5560530000 801.4420530000
2460941.2808369999 0.9918000781 0.0039437720 1.4833560000 0.1115379999 0.0124407254 1205.8168100000 801.7251640000
2460941.2810910000 1.0022126773 0.0039437720 1.4837510000 0.1117920000 0.0124974513 1205.8817090000 802.0534270000
2460941.2813459998 1.0034274806 0.0039437720 1.4841480000 0.1120469999 0.0125545302 1205.8385050000 802.1132070000
2460941.2816120000 1.0071413076 0.0039437720 1.4845650000 0.1123130000 0.0126142100 1205.3611200000 801.4652970000
