2460941.0814649998 1.0239055222 0.0038486639 1.5994850000 -0.0798720000 0.0063795364 1206.8250900000 799.0654560000
2460941.0817320002 1.0186041106 0.0038486639 1.5987170000 -0.0796049996 0.0063369560 1206.6751200000 799.0301910000
2460941.0819859998 1.0172184128 0.0038486639 1.5979850000 -0.0793510000 0.0062965812 1206.5211450000 799.2059970000
2460941.0822410001 1.0241737218 0.0038486639 1.5972540000 -0.0790959997 0.0062561772 1206.0068140000 799.3583070000
2460941.0825069998 1.0202580080 0.0038486639 1.5964920000 -0.0788300000 0.0062141689 1206.7319730000 799.0817440000
2460941.0827620002 1.0218672054 0.0038486639 1.5957660000 -0.0785749997 0.0061740306 1207.0037250000 798.7648620000
2460941.0830160002 1.0203563478 0.0038486639 1.5950410000 -0.0783209996 0.0061341790 1206.9050640000 798.9930050000
2460941.0832830002 1.0150996361 0.0038486639 1.5942840000 -0.0780539997 0.0060924269 1206.4552190000 798.9923100000
2460941.0835370002 1.0117829014 0.0038486639 1.5935630000 -0.0777999996 0.0060528399 1205.7643970000 799.4513640000
2460941.0837920001 1.0185415307 0.0038486639 1.5928440000 -0.0775449998 0.0060132270 1206.6390210000 798.7662580000
2460941.0840579998 1.0161366745 0.0038486639 1.5920930000 -0.0772790001 0.0059720439 1206.5382860000 799.0169000000
2460941.0843130001 1.0232797232 0.0038486639 1.5913780000 -0.0770239998 0.0059326965 1206.5818470000 798.6929490000
2460941.0845670002 1.0202490680 0.0038486639 1.5906640000 -0.0767699997 0.0058936329 1206.3009610000 799.5626910000
2460941.0848329999 1.0106296432 0.0038486639 1.5899190000 -0.0765040000 0.0058528620 1206.0032420000 799.2888280000
2460941.0850880002 1.0152605559 0.0038486639 1.5892090000 -0.0762489997 0.0058139100 1206.2031420000 799.5568460000
2460941.0853539999 1.0177011720 0.0038486639 1.5884680000 -0.0759830000 0.0057734163 1206.2501900000 799.7939360000
2460941.0856090002 1.0155734554 0.0038486639 1.5877620000 -0.0757279997 0.0057347299 1206.0885900000 799.9578450000
2460941.0858629998 1.0188276103 0.0038486639 1.5870570000 -0.0754740001 0.0056963247 1205.9832880000 799.5304790000
2460941.0861300002 1.0187560904 0.0038486639 1.5863220000 -0.0752069997 0.0056560928 1206.1795850000 799.5561510000
2460941.0863839998 1.0159757548 0.0038486639 1.5856210000 -0.0749530001 0.0056179522 1205.8778560000 799.6030970000
2460941.0866390001 1.0196679689 0.0038486639 1.5849210000 -0.0746979997 0.0055797912 1206.0984550000 799.5276540000
2460941.0869049998 1.0191941497 0.0038486639 1.5841920000 -0.0744320001 0.0055401226 1206.5054360000 799.2288790000
2460941.0871600001 1.0144470172 0.0038486639 1.5834960000 -0.0741769997 0.0055022273 1206.2752240000 799.1931030000
2460941.0874140002 1.0168697533 0.0038486639 1.5828030000 -0.0739229997 0.0054646099 1206.0838550000 799.2405480000
2460941.0876810001 1.0282771753 0.0038486639 1.5820790000 -0.0736559997 0.0054252063 1206.5356870000 799.0327700000
2460941.0879350002 1.0137586383 0.0038486639 1.5813890000 -0.0734019997 0.0053878536 1207.1228640000 799.3357930000
2460941.0881900000 1.0052388317 0.0038486639 1.5807000000 -0.0731469998 0.0053504836 1207.0314620000 799.2583990000
2460941.0884560002 1.0192567296 0.0038486639 1.5799820000 -0.0728809997 0.0053116401 1206.8044000000 798.8070690000
2460941.0887110000 1.0190064100 0.0038486639 1.5792970000 -0.0726259998 0.0052745358 1206.8033730000 799.0592240000
2460941.0892309998 1.0097982245 0.0038486639 1.5779020000 -0.0721060000 0.0051992752 1205.6769580000 798.9045930000
2460941.0894860001 1.0206692473 0.0038486639 1.5772230000 -0.0718509997 0.0051625662 1205.8946630000 798.7893810000
2460941.0897519998 1.0182733311 0.0038486639 1.5765140000 -0.0715850000 0.0051244122 1205.5824380000 798.7288290000
2460941.0900070001 1.0167535335 0.0038486639 1.5758380000 -0.0713299997 0.0050879689 1205.0623840000 798.9193250000
2460941.0902620000 1.0162439543 0.0038486639 1.5751640000 -0.0710749999 0.0050516556 1205.0122020000 798.8182610000
2460941.0905160001 1.0162797143 0.0038486639 1.5744920000 -0.0708209998 0.0050156140 1204.4536100000 798.6322260000
2460941.0907820002 1.0222426849 0.0038486639 1.5737910000 -0.0705549996 0.0049780080 1203.9681020000 798.6744320000
2460941.0910370001 1.0229578837 0.0038486639 1.5731220000 -0.0702999998 0.0049420900 1204.4575720000 798.5636640000
2460941.0912919999 1.0157075552 0.0038486639 1.5724550000 -0.0700449999 0.0049063020 1204.5992680000 798.7742680000
2460941.0915580001 1.0164585140 0.0038486639 1.5717590000 -0.0697789998 0.0048691088 1205.0669650000 798.7739910000
2460941.0918120001 1.0125428002 0.0038486639 1.5710960000 -0.0695249997 0.0048337256 1205.1722480000 798.7446900000
2460941.0920670000 1.0138301581 0.0038486639 1.5704340000 -0.0692699999 0.0047983329 1205.2644210000 798.8365050000
2460941.0923330002 1.0187739703 0.0038486639 1.5697440000 -0.0690039997 0.0047615520 1205.1936090000 798.8858360000
2460941.0925880000 1.0159131749 0.0038486639 1.5690860000 -0.0687489999 0.0047264250 1205.1507940000 798.8073750000
2460941.0928429998 1.0188633702 0.0038486639 1.5684300000 -0.0684940000 0.0046914280 1205.8803530000 798.9538430000
2460941.0931090000 1.0105760033 0.0038486639 1.5677450000 -0.0682279998 0.0046550600 1206.0505040000 798.9252040000
2460941.0933630001 1.0071788087 0.0038486639 1.5670930000 -0.0679739998 0.0046204646 1206.1703810000 799.6053350000
2460941.0936179999 1.0108173829 0.0038486639 1.5664410000 -0.0677189999 0.0045858630 1206.5595850000 799.4605200000
2460941.0938840001 1.0059182706 0.0038486639 1.5657630000 -0.0674529998 0.0045499072 1206.8117920000 799.4608530000
2460941.0941389999 1.0172005328 0.0038486639 1.5651150000 -0.0671979999 0.0045155712 1206.7390360000 799.2856010000
2460941.0943930000 1.0150459962 0.0038486639 1.5644690000 -0.0669439998 0.0044814991 1206.3914310000 799.2177510000
2460941.0946599999 1.0144380772 0.0038486639 1.5637960000 -0.0666769999 0.0044458223 1206.5510250000 799.2348990000
2460941.0949140000 1.0172184128 0.0038486639 1.5631540000 -0.0664229998 0.0044120149 1206.4196510000 799.3843470000
2460941.0951689999 1.0153499557 0.0038486639 1.5625130000 -0.0661680000 0.0043782042 1205.6833360000 799.9209680000
2460941.0954350000 1.0138122782 0.0038486639 1.5618450000 -0.0659019998 0.0043430736 1205.8046150000 799.6468520000
2460941.0956899999 1.0113090821 0.0038486639 1.5612080000 -0.0656470000 0.0043095286 1205.2747470000 800.0810360000
2460941.0959439999 1.0100038442 0.0038486639 1.5605730000 -0.0653929999 0.0042762444 1205.5070280000 799.9796970000
2460941.0962109999 1.0105760033 0.0038486639 1.5599100000 -0.0651260000 0.0042413959 1204.8092930000 799.7903280000
2460941.0964650000 1.0161009146 0.0038486639 1.5592780000 -0.0648719999 0.0042083764 1205.0539370000 799.6347270000
2460941.0967199998 1.0109425427 0.0038486639 1.5586480000 -0.0646170001 0.0041753567 1205.2433610000 799.8101480000
2460941.0969860000 1.0161009146 0.0038486639 1.5579910000 -0.0643509999 0.0041410512 1204.5925190000 799.9828050000
2460941.0972409998 1.0134278588 0.0038486639 1.5573650000 -0.0640960000 0.0041082972 1205.1064890000 799.6436960000
2460941.0974949999 1.0186845705 0.0038486639 1.5567400000 -0.0638420000 0.0040758010 1205.2898860000 799.8545480000
2460941.0977610000 1.0041660334 0.0038486639 1.5560880000 -0.0635759998 0.0040419078 1206.2019120000 799.9697160000
2460941.0980159999 1.0154929955 0.0038486639 1.5554670000 -0.0633210000 0.0040095490 1206.0459180000 800.3889620000
2460941.0982710002 1.0130344994 0.0038486639 1.5548470000 -0.0630659997 0.0039773203 1205.9207690000 800.4715070000
2460941.0985369999 1.0106654031 0.0038486639 1.5542010000 -0.0628000000 0.0039438400 1205.6806480000 799.6415810000
2460941.0987910000 1.0131149593 0.0038486639 1.5535850000 -0.0625459999 0.0039120021 1205.6678700000 799.4177460000
2460941.0990459998 1.0088684660 0.0038486639 1.5529700000 -0.0622910000 0.0038801687 1205.7954270000 799.2805110000
2460941.0993120000 1.0180140715 0.0038486639 1.5523290000 -0.0620249999 0.0038471006 1206.5921890000 799.2920970000
2460941.0995669998 1.0158774149 0.0038486639 1.5517180000 -0.0617700000 0.0038155329 1206.4949900000 799.7026020000
2460941.0998220001 1.0138748581 0.0038486639 1.5511090000 -0.0615149997 0.0037840952 1206.2995010000 799.3702030000
2460941.1000879998 1.0102988637 0.0038486639 1.5504730000 -0.0612490000 0.0037514400 1206.2387780000 799.2241190000
2460941.1003419999 1.0123818804 0.0038486639 1.5498670000 -0.0609949999 0.0037203900 1206.8628300000 798.9396840000
2460941.1005970002 1.0121762608 0.0038486639 1.5492630000 -0.0607399996 0.0036893476 1207.0758880000 798.7340000000
2460941.1008629999 1.0122299007 0.0038486639 1.5486330000 -0.0604739999 0.0036571047 1207.6645420000 798.6238030000
2460941.1011180002 1.0104240235 0.0038486639 1.5480320000 -0.0602189996 0.0036263279 1207.0557660000 798.4461450000
2460941.1013719998 1.0038173740 0.0038486639 1.5474330000 -0.0599650000 0.0035958012 1207.3130000000 798.2912190000
2460941.1016389998 1.0132579991 0.0038486639 1.5468080000 -0.0596980001 0.0035638512 1207.1348250000 798.4195400000
2460941.1018929998 1.0159221148 0.0038486639 1.5462120000 -0.0594440000 0.0035335891 1206.8914580000 798.0911120000
2460941.1021480002 1.0073665484 0.0038486639 1.5456180000 -0.0591889997 0.0035033377 1206.9173030000 797.8594810000
2460941.1024139998 1.0142950374 0.0038486639 1.5449990000 -0.0589230000 0.0034719199 1206.3137330000 798.4970630000
2460941.1026690002 1.0098518644 0.0038486639 1.5444080000 -0.0586679997 0.0034419342 1206.3762770000 798.9044240000
2460941.1029230002 1.0119885211 0.0038486639 1.5438190000 -0.0584139996 0.0034121954 1206.3836350000 799.0731200000
2460941.1031900002 1.0129719195 0.0038486639 1.5432050000 -0.0581469997 0.0033810736 1207.0928540000 798.8005150000
2460941.1034439998 1.0090293857 0.0038486639 1.5426190000 -0.0578930001 0.0033515995 1206.9290350000 798.8290490000
2460941.1036990001 1.0075185281 0.0038486639 1.5420350000 -0.0576379998 0.0033221390 1206.0448260000 799.3081490000
2460941.1039649998 1.0081264472 0.0038486639 1.5414270000 -0.0573720001 0.0032915464 1205.9244480000 799.0655160000
2460941.1042200001 1.0131685992 0.0038486639 1.5408460000 -0.0571169998 0.0032623517 1205.7043160000 799.0124700000
2460941.1044740002 1.0117918414 0.0038486639 1.5402670000 -0.0568629997 0.0032334007 1205.0289860000 799.1526260000
2460941.1047399999 1.0114968218 0.0038486639 1.5396640000 -0.0565970000 0.0032032204 1205.5029700000 799.3356590000
2460941.1049950002 1.0084661666 0.0038486639 1.5390880000 -0.0563419997 0.0031744209 1205.3989640000 799.9274680000
2460941.1052500000 1.0088863460 0.0038486639 1.5385140000 -0.0560869998 0.0031457515 1205.4971400000 800.3563620000
2460941.1055160002 1.0067675693 0.0038486639 1.5379160000 -0.0558209997 0.0031159840 1205.3329020000 800.2878810000
2460941.1057710000 1.0127484199 0.0038486639 1.5373450000 -0.0555659998 0.0030875803 1205.7343530000 799.5515400000
2460941.1060250001 1.0129719195 0.0038486639 1.5367770000 -0.0553119997 0.0030594173 1205.4028360000 799.9097690000
2460941.1062909998 1.0119617011 0.0038486639 1.5361840000 -0.0550460001 0.0030300621 1205.6712040000 800.1069970000
2460941.1065460001 1.0081443271 0.0038486639 1.5356180000 -0.0547909997 0.0030020537 1205.9122140000 800.0207530000
2460941.1068119998 1.0171200730 0.0038486639 1.5350290000 -0.0545250000 0.0029729756 1205.5515840000 800.5216080000
2460941.1070670001 1.0106654031 0.0038486639 1.5344660000 -0.0542699997 0.0029452329 1205.6826040000 800.1867620000
2460941.1073210002 1.0157343751 0.0038486639 1.5339060000 -0.0540159997 0.0029177282 1205.3012110000 799.8770390000
2460941.1075880001 1.0017611772 0.0038486639 1.5333220000 -0.0537489997 0.0028889550 1204.8902050000 799.9993190000
2460941.1078420002 1.0141072977 0.0038486639 1.5327640000 -0.0534949997 0.0028617150 1204.8465120000 799.5055630000
2460941.1080970000 1.0153946557 0.0038486639 1.5322090000 -0.0532399998 0.0028344976 1205.3025130000 799.3549160000
2460941.1083630002 1.0123729405 0.0038486639 1.5316300000 -0.0529739996 0.0028062446 1206.0933600000 798.4974010000
2460941.1086180001 1.0131507192 0.0038486639 1.5310770000 -0.0527189998 0.0027792929 1205.6354000000 798.9339180000
2460941.1088720001 1.0064367898 0.0038486639 1.5305270000 -0.0524649997 0.0027525762 1205.9775070000 798.5449120000
2460941.1091379998 1.0037905540 0.0038486639 1.5299530000 -0.0521990000 0.0027247356 1206.2071920000 798.4905540000
2460941.1093930001 1.0104061436 0.0038486639 1.5294060000 -0.0519439997 0.0026981791 1206.2382470000 798.2583020000
2460941.1096480000 1.0102273438 0.0038486639 1.5288600000 -0.0516889999 0.0026717527 1206.5759370000 798.6500990000
2460941.1099140001 1.0061238903 0.0038486639 1.5282910000 -0.0514229997 0.0026443249 1206.6724900000 798.6850320000
2460941.1101690000 1.0119080612 0.0038486639 1.5277490000 -0.0511679999 0.0026181642 1206.6613330000 798.8013220000
2460941.1104230001 1.0086360264 0.0038486639 1.5272080000 -0.0509139998 0.0025922354 1207.2946140000 798.6259050000
2460941.1106890002 1.0085198065 0.0038486639 1.5266440000 -0.0506479996 0.0025652199 1207.0137410000 798.6691590000
2460941.1109440001 1.0089668058 0.0038486639 1.5261070000 -0.0503929998 0.0025394544 1206.8173050000 798.8633720000
2460941.1111989999 1.0012426580 0.0038486639 1.5255710000 -0.0501379999 0.0025138190 1205.8982240000 798.6525870000
2460941.1114650001 1.0134814987 0.0038486639 1.5250130000 -0.0498719998 0.0024872164 1205.8309690000 799.0493700000
2460941.1117190002 1.0135708986 0.0038486639 1.5244800000 -0.0496179997 0.0024619459 1205.3243120000 799.1395490000
2460941.1119740000 1.0070536489 0.0038486639 1.5239490000 -0.0493629999 0.0024367058 1205.0683080000 799.3698350000
2460941.1122400002 1.0030217152 0.0038486639 1.5233960000 -0.0490969997 0.0024105154 1205.0650120000 799.6274590000
2460941.1124950000 1.0025568360 0.0038486639 1.5228680000 -0.0488419998 0.0023855409 1205.8184620000 799.4043340000
2460941.1127499999 1.0138301581 0.0038486639 1.5223420000 -0.0485870000 0.0023606966 1205.4041750000 799.6501590000
2460941.1130160000 1.0072950285 0.0038486639 1.5217940000 -0.0483209998 0.0023349190 1205.8740350000 799.9166760000
2460941.1132700001 1.0137407583 0.0038486639 1.5212710000 -0.0480669998 0.0023104365 1205.8057270000 800.0333200000
2460941.1135249999 1.0091724255 0.0038486639 1.5207500000 -0.0478119999 0.0022859873 1205.5684340000 800.1219950000
2460941.1137910001 1.0149297764 0.0038486639 1.5202070000 -0.0475459998 0.0022606221 1205.4553580000 799.5062740000
2460941.1140459999 1.0096820047 0.0038486639 1.5196890000 -0.0472909999 0.0022364387 1204.9834790000 799.3949370000
2460941.1143000000 1.0090204457 0.0038486639 1.5191720000 -0.0470369998 0.0022124794 1205.4532530000 799.2037160000
2460941.1145549999 1.0147420367 0.0038486639 1.5186570000 -0.0467820000 0.0021885555 1205.6437340000 799.3449430000
2460941.1148210000 1.0067943893 0.0038486639 1.5181210000 -0.0465159998 0.0021637382 1205.7502130000 799.6390070000
2460941.1150759999 1.0080638673 0.0038486639 1.5176100000 -0.0462610000 0.0021400801 1205.9610560000 799.7645250000
2460941.1153310002 1.0033614347 0.0038486639 1.5171000000 -0.0460059997 0.0021165520 1206.1416670000 799.6152330000
2460941.1155969999 1.0001698597 0.0038486639 1.5165680000 -0.0457400000 0.0020921476 1206.5068070000 799.4787600000
2460941.1158510000 1.0061328303 0.0038486639 1.5160610000 -0.0454859999 0.0020689762 1206.6011410000 800.0962260000
2460941.1161059998 1.0087790661 0.0038486639 1.5155560000 -0.0452310001 0.0020458434 1206.1629290000 800.6659650000
2460941.1163610001 1.0042375533 0.0038486639 1.5150530000 -0.0449759997 0.0020228406 1205.5269990000 800.0424060000
2460941.1166269998 1.0018684570 0.0038486639 1.5145280000 -0.0447100000 0.0019989841 1205.5194780000 799.6772910000
2460941.1168809999 1.0119527611 0.0038486639 1.5140280000 -0.0444560000 0.0019763359 1206.0084950000 799.2997210000
2460941.1171360002 1.0035581144 0.0038486639 1.5135290000 -0.0442009997 0.0019537284 1206.6431680000 799.2552070000
2460941.1174019999 1.0073486684 0.0038486639 1.5130090000 -0.0439350000 0.0019302842 1206.8450130000 799.2619030000
2460941.1176570002 1.0130344994 0.0038486639 1.5125140000 -0.0436799997 0.0019079424 1206.1792320000 799.5035910000
2460941.1179229999 1.0031468750 0.0038486639 1.5119970000 -0.0434140000 0.0018847754 1205.6259840000 799.1944600000
2460941.1181780002 1.0013856978 0.0038486639 1.5115050000 -0.0431589996 0.0018626993 1205.9153130000 799.3564810000
2460941.1184319998 1.0113448421 0.0038486639 1.5110140000 -0.0429050000 0.0018408390 1205.4028980000 798.8727830000
2460941.1186870001 0.9993384410 0.0038486639 1.5105250000 -0.0426499997 0.0018190225 1205.3335260000 799.0206060000
2460941.1189529998 1.0060702504 0.0038486639 1.5100160000 -0.0423840000 0.0017964035 1205.2103170000 799.4165730000
2460941.1192080001 1.0068033293 0.0038486639 1.5095300000 -0.0421289997 0.0017748526 1205.0627170000 799.5843400000
2460941.1194739998 1.0045236329 0.0038486639 1.5090230000 -0.0418630000 0.0017525108 1205.1425060000 799.8856730000
2460941.1197290001 1.0083320668 0.0038486639 1.5085400000 -0.0416079997 0.0017312256 1204.7735050000 800.4670880000
2460941.1199830002 1.0065619496 0.0038486639 1.5080590000 -0.0413539996 0.0017101533 1204.3749860000 800.3992840000
2460941.1202489999 1.0078046077 0.0038486639 1.5075580000 -0.0410879999 0.0016882237 1204.7928780000 800.1394550000
2460941.1205040002 1.0076615679 0.0038486639 1.5070800000 -0.0408329996 0.0016673339 1205.3043440000 799.2571180000
2460941.1207590001 1.0111660424 0.0038486639 1.5066030000 -0.0405779998 0.0016465741 1205.3709960000 799.9946460000
2460941.1210130001 1.0035491744 0.0038486639 1.5061280000 -0.0403239997 0.0016260250 1205.9412730000 799.7257070000
2460941.1212789998 1.0084214667 0.0038486639 1.5056330000 -0.0400580000 0.0016046434 1205.6653020000 799.7358180000
2460941.1215340002 1.0061507103 0.0038486639 1.5051620000 -0.0398029997 0.0015842788 1205.4786400000 799.9817140000
2460941.1217999998 1.0111928623 0.0038486639 1.5046700000 -0.0395370000 0.0015631744 1205.1831510000 800.5858390000
2460941.1220550002 1.0048275924 0.0038486639 1.5042010000 -0.0392819997 0.0015430755 1205.5384160000 801.0015410000
2460941.1223100000 1.0071788087 0.0038486639 1.5037340000 -0.0390269998 0.0015231067 1206.2016760000 799.9249000000
2460941.1225760002 1.0011979581 0.0038486639 1.5032480000 -0.0387609997 0.0015024151 1206.5020430000 799.6167590000
2460941.1228299998 1.0044252930 0.0038486639 1.5027840000 -0.0385070001 0.0014827891 1206.0525210000 799.5065930000
2460941.1230850001 0.9948148082 0.0038486639 1.5023210000 -0.0382519998 0.0014632155 1205.9604670000 799.6156890000
2460941.1233509998 1.0005095792 0.0038486639 1.5018400000 -0.0379860001 0.0014429362 1206.5454370000 799.2956240000
2460941.1236060001 1.0074380682 0.0038486639 1.5013810000 -0.0377309998 0.0014236283 1206.4601550000 799.6865530000
2460941.1238600002 1.0043716531 0.0038486639 1.5009230000 -0.0374769997 0.0014045255 1206.4610350000 800.0690900000
2460941.1241150000 1.0050957919 0.0038486639 1.5004670000 -0.0372219998 0.0013854773 1206.2337900000 800.3661310000
2460941.1243810002 1.0070894088 0.0038486639 1.4999910000 -0.0369559997 0.0013657459 1206.0189050000 799.6747710000
2460941.1246360000 1.0053461116 0.0038486639 1.4995380000 -0.0367009998 0.0013469634 1206.4540900000 799.3008080000
2460941.1248909999 1.0057752309 0.0038486639 1.4990870000 -0.0364460000 0.0013283109 1206.8151570000 799.0518630000
2460941.1251570000 1.0019131570 0.0038486639 1.4986170000 -0.0361799998 0.0013089924 1206.8337880000 798.8513850000
2460941.1254110001 0.9976398437 0.0038486639 1.4981680000 -0.0359259997 0.0012906775 1207.1487010000 798.8530130000
2460941.1256659999 0.9994814808 0.0038486639 1.4977210000 -0.0356709999 0.0012724202 1206.6410650000 798.3448060000
2460941.1259320001 0.9986947621 0.0038486639 1.4972560000 -0.0354049997 0.0012535140 1206.8743270000 798.6066590000
2460941.1264410000 1.0100217242 0.0038486639 1.4963700000 -0.0348959998 0.0012177308 1206.6710670000 798.9339420000
2460941.1267080000 1.0099591443 0.0038486639 1.4959090000 -0.0346289999 0.0011991676 1207.0514800000 798.9571140000
2460941.1269620000 1.0051851918 0.0038486639 1.4954700000 -0.0343749998 0.0011816406 1207.4570080000 798.8423550000
2460941.1272169999 1.0047650125 0.0038486639 1.4950330000 -0.0341200000 0.0011641744 1207.8244410000 798.9235690000
2460941.1274830000 1.0061954102 0.0038486639 1.4945770000 -0.0338539998 0.0011460933 1207.8524660000 798.8517420000
2460941.1277379999 0.9988109819 0.0038486639 1.4941430000 -0.0335990000 0.0011288928 1207.0078080000 798.7164500000
2460941.1279920000 1.0049795721 0.0038486639 1.4937100000 -0.0333449999 0.0011118890 1207.2912390000 798.4005630000
2460941.1282589999 0.9998837802 0.0038486639 1.4932590000 -0.0330779999 0.0010941541 1206.2698280000 798.7496540000
2460941.1285130000 1.0060076705 0.0038486639 1.4928290000 -0.0328239999 0.0010774150 1205.5414860000 798.9489250000
2460941.1287679998 1.0057037110 0.0038486639 1.4924010000 -0.0325690000 0.0010607398 1205.6978500000 798.9964800000
2460941.1290340000 1.0080102273 0.0038486639 1.4919540000 -0.0323029999 0.0010434838 1205.0515170000 798.7102220000
2460941.1292889998 0.9983639826 0.0038486639 1.4915290000 -0.0320480000 0.0010270743 1204.8223720000 797.9596570000
2460941.1295429999 1.0089578658 0.0038486639 1.4911050000 -0.0317940000 0.0010108584 1205.1211360000 798.1322790000
2460941.1298090001 1.0064725498 0.0038486639 1.4906640000 -0.0315279998 0.0009940148 1205.8385520000 798.0369540000
2460941.1300639999 0.9990702415 0.0038486639 1.4902430000 -0.0312729999 0.0009780005 1206.4865630000 798.1351320000
2460941.1303190002 1.0025121360 0.0038486639 1.4898240000 -0.0310179996 0.0009621163 1205.8603030000 798.0147460000
2460941.1305849999 1.0061685903 0.0038486639 1.4893880000 -0.0307519999 0.0009456855 1205.5011810000 797.6843720000
2460941.1308390000 1.0114610619 0.0038486639 1.4889720000 -0.0304979999 0.0009301280 1205.1114230000 798.0174620000
2460941.1310939998 1.0038620739 0.0038486639 1.4885570000 -0.0302430000 0.0009146390 1205.1951240000 798.0861510000
2460941.1313600000 1.0094138051 0.0038486639 1.4881250000 -0.0299769999 0.0008986205 1204.7858770000 798.4465740000
2460941.1316149998 1.0021366566 0.0038486639 1.4877140000 -0.0297220000 0.0008833973 1205.7476740000 799.0676580000
2460941.1318700002 0.9976219638 0.0038486639 1.4873040000 -0.0294669997 0.0008683041 1205.7550490000 798.8401260000
2460941.1321359999 1.0037011542 0.0038486639 1.4868770000 -0.0292010000 0.0008526984 1205.7809880000 799.0760400000
2460941.1323899999 1.0022886364 0.0038486639 1.4864700000 -0.0289469999 0.0008379288 1206.6444520000 799.6241070000
2460941.1326449998 0.9938850497 0.0038486639 1.4860640000 -0.0286920001 0.0008232309 1206.4844680000 799.3355970000
2460941.1329109999 1.0021813566 0.0038486639 1.4856420000 -0.0284259999 0.0008080375 1206.4754090000 798.7570160000
2460941.1331659998 1.0025031960 0.0038486639 1.4852390000 -0.0281710001 0.0007936052 1206.8026290000 798.8811370000
2460941.1334199999 1.0027624556 0.0038486639 1.4848380000 -0.0279170000 0.0007793589 1206.5582980000 798.9567040000
2460941.1336869998 0.9979616832 0.0038486639 1.4844210000 -0.0276500001 0.0007645225 1206.0644640000 798.8325660000
2460941.1339409999 1.0095210850 0.0038486639 1.4840230000 -0.0273960000 0.0007505408 1206.4445310000 798.4368870000
2460941.1341960002 0.9978007635 0.0038486639 1.4836270000 -0.0271409997 0.0007366339 1206.8579250000 797.7031550000
2460941.1344619999 1.0096998847 0.0038486639 1.4832140000 -0.0268750000 0.0007222656 1206.9078950000 798.0068470000
2460941.1347170002 1.0063116300 0.0038486639 1.4828200000 -0.0266199997 0.0007086244 1207.3569460000 797.8831520000
2460941.1349709998 1.0003575994 0.0038486639 1.4824280000 -0.0263660001 0.0006951660 1206.4500630000 798.2273760000
2460941.1352260001 0.9998837802 0.0038486639 1.4820380000 -0.0261109998 0.0006817843 1205.6132230000 798.3547880000
2460941.1354919998 1.0101468840 0.0038486639 1.4816310000 -0.0258450001 0.0006679640 1205.2890190000 798.1970190000
2460941.1357470001 1.0083946467 0.0038486639 1.4812440000 -0.0255899997 0.0006548481 1205.0127560000 798.7900870000
2460941.1360010002 1.0065977096 0.0038486639 1.4808580000 -0.0253359997 0.0006419129 1204.7716050000 798.6865930000
2460941.1362680001 0.9989272017 0.0038486639 1.4804560000 -0.0250689997 0.0006284547 1205.1595280000 798.6538540000
2460941.1365220002 1.0096015448 0.0038486639 1.4800730000 -0.0248149997 0.0006157842 1205.2753110000 798.4279290000
2460941.1367770000 1.0054623314 0.0038486639 1.4796920000 -0.0245599998 0.0006031936 1205.4530890000 798.7325170000
2460941.1370430002 1.0085823864 0.0038486639 1.4792950000 -0.0242939997 0.0005901984 1205.4544520000 798.7860490000
2460941.1372980000 1.0028607955 0.0038486639 1.4789160000 -0.0240389998 0.0005778735 1205.8200550000 798.1520340000
2460941.1375520001 0.9996155806 0.0038486639 1.4785390000 -0.0237849997 0.0005657262 1206.4209370000 797.9691320000
2460941.1378190001 1.0059987305 0.0038486639 1.4781470000 -0.0235179998 0.0005530963 1206.4185290000 798.1881050000
2460941.1380730001 1.0061060104 0.0038486639 1.4777730000 -0.0232639997 0.0005412137 1207.0845740000 796.9320800000
2460941.1383389998 1.0039067738 0.0038486639 1.4773840000 -0.0229980000 0.0005289080 1207.6191080000 796.9919250000
2460941.1385940001 1.0085913264 0.0038486639 1.4770130000 -0.0227429997 0.0005172440 1207.3961080000 797.7734190000
2460941.1388490000 1.0071519887 0.0038486639 1.4766430000 -0.0224879999 0.0005057101 1206.3332890000 798.2297600000
2460941.1391030001 1.0018058771 0.0038486639 1.4762750000 -0.0222339998 0.0004943507 1205.2954380000 798.4779910000
2460941.1393690002 1.0073129084 0.0038486639 1.4758920000 -0.0219679996 0.0004825930 1205.7382810000 798.5786170000
2460941.1396360002 1.0051851918 0.0038486639 1.4755100000 -0.0217009997 0.0004709334 1205.6853460000 798.8720370000
2460941.1398900002 1.0037726740 0.0038486639 1.4751470000 -0.0214469996 0.0004599738 1205.8663910000 798.1846360000
2460941.1401450001 1.0027266957 0.0038486639 1.4747850000 -0.0211919998 0.0004491009 1205.5067400000 798.8637820000
2460941.1404109998 1.0006704989 0.0038486639 1.4744080000 -0.0209260001 0.0004378975 1205.6143920000 799.3735930000
2460941.1406660001 1.0044878729 0.0038486639 1.4740490000 -0.0206709998 0.0004272902 1205.4939660000 799.3436660000
2460941.1409200002 1.0078582476 0.0038486639 1.4736910000 -0.0204169997 0.0004168539 1205.6665200000 799.4444940000
2460941.1411870001 0.9976309037 0.0038486639 1.4733190000 -0.0201499998 0.0004060225 1205.3515220000 799.9846420000
2460941.1414410002 1.0008403587 0.0038486639 1.4729640000 -0.0198959997 0.0003958508 1205.6960890000 799.5233660000
2460941.1416960000 1.0040498136 0.0038486639 1.4726110000 -0.0196409998 0.0003857689 1205.4978950000 799.6409780000
2460941.1419620002 1.0053192916 0.0038486639 1.4722430000 -0.0193749997 0.0003753906 1206.2639790000 799.8269360000
2460941.1422170000 1.0034240146 0.0038486639 1.4718930000 -0.0191199998 0.0003655744 1206.4318000000 800.1787780000
2460941.1424710001 1.0053818715 0.0038486639 1.4715440000 -0.0188659998 0.0003559259 1207.1813840000 800.1671250000
2460941.1427369998 0.9957356267 0.0038486639 1.4711810000 -0.0186000001 0.0003459600 1207.2382540000 800.3489970000
2460941.1429920001 1.0039246538 0.0038486639 1.4708360000 -0.0183449998 0.0003365390 1206.8133980000 799.7888030000
2460941.1432469999 0.9979348633 0.0038486639 1.4704910000 -0.0180899999 0.0003272481 1206.8558760000 799.9316860000
2460941.1435010000 1.0020561968 0.0038486639 1.4701480000 -0.0178359998 0.0003181229 1205.8151240000 799.7349540000
2460941.1437670002 1.0008224787 0.0038486639 1.4697910000 -0.0175699997 0.0003087049 1205.7258750000 799.6749340000
2460941.1440220000 1.0022081765 0.0038486639 1.4694510000 -0.0173149998 0.0002998092 1205.4592930000 799.6333390000
2460941.1442769999 0.9998659002 0.0038486639 1.4691130000 -0.0170600000 0.0002910436 1205.7177960000 799.9878870000
2460941.1445430000 1.0052924716 0.0038486639 1.4687600000 -0.0167939998 0.0002820384 1205.8252730000 799.8507990000
2460941.1447979999 0.9926423916 0.0038486639 1.4684250000 -0.0165390000 0.0002735385 1205.5136170000 799.8854310000
2460941.1450519999 1.0036385743 0.0038486639 1.4680910000 -0.0162849999 0.0002652012 1205.4441710000 799.8622160000
2460941.1453180001 1.0032988548 0.0038486639 1.4677430000 -0.0160189997 0.0002566084 1204.8791850000 799.7458970000
2460941.1455730000 1.0046487927 0.0038486639 1.4674120000 -0.0157639999 0.0002485037 1205.3921320000 799.5401420000
2460941.1458279998 0.9977650035 0.0038486639 1.4670820000 -0.0155090000 0.0002405291 1205.0606350000 799.8466240000
2460941.1460940000 0.9959323064 0.0038486639 1.4667390000 -0.0152429999 0.0002323490 1205.0460090000 799.2596270000
2460941.1463480000 1.0082337270 0.0038486639 1.4664120000 -0.0149889998 0.0002246701 1205.5516140000 798.6911290000
2460941.1466029999 1.0030574752 0.0038486639 1.4660860000 -0.0147340000 0.0002170908 1205.5323970000 799.1446390000
2460941.1468690000 1.0027177557 0.0038486639 1.4657480000 -0.0144679998 0.0002093230 1204.9739320000 799.5042090000
2460941.1471239999 1.0020919567 0.0038486639 1.4654250000 -0.0142130000 0.0002020094 1205.5797730000 799.8763050000
2460941.1473790002 1.0026730558 0.0038486639 1.4651040000 -0.0139579996 0.0001948258 1205.2066670000 800.1739300000
2460941.1476449999 0.9973716442 0.0038486639 1.4647700000 -0.0136919999 0.0001874709 1205.2086620000 800.5704190000
2460941.1478990000 0.9953243874 0.0038486639 1.4644520000 -0.0134379999 0.0001805798 1206.2999750000 800.6361470000
2460941.1481539998 1.0009476385 0.0038486639 1.4641350000 -0.0131830000 0.0001737915 1206.0318390000 800.8942820000
2460941.1484200000 1.0063116300 0.0038486639 1.4638060000 -0.0129169999 0.0001668489 1205.9818090000 800.0192280000
2460941.1486749998 1.0077956677 0.0038486639 1.4634920000 -0.0126620000 0.0001603262 1206.0145540000 799.7627520000
2460941.1489289999 0.9950919478 0.0038486639 1.4631800000 -0.0124080000 0.0001539585 1205.2348780000 799.2906680000
2460941.1491959998 0.9971570845 0.0038486639 1.4628550000 -0.0121410000 0.0001474039 1205.4746830000 799.2869610000
2460941.1494499999 1.0002860795 0.0038486639 1.4625450000 -0.0118869999 0.0001413008 1205.8459160000 799.4915730000
2460941.1497050002 1.0039246538 0.0038486639 1.4622370000 -0.0116319996 0.0001353034 1206.0462920000 798.6899650000
2460941.1499709999 0.9993920810 0.0038486639 1.4619170000 -0.0113659999 0.0001291860 1205.7257600000 798.7037000000
2460941.1502260002 0.9993473810 0.0038486639 1.4616110000 -0.0111109996 0.0001234543 1206.3507840000 798.7801860000
2460941.1504799998 0.9984623224 0.0038486639 1.4613080000 -0.0108570000 0.0001178744 1206.9036560000 798.9765960000
2460941.1507469998 0.9979885032 0.0038486639 1.4609920000 -0.0105900001 0.0001121481 1207.3186600000 798.8023560000
2460941.1510009998 1.0007688388 0.0038486639 1.4606910000 -0.0103360000 0.0001068329 1207.9570100000 798.7588950000
2460941.1512560002 0.9963614257 0.0038486639 1.4603920000 -0.0100809997 0.0001016266 1207.9554340000 798.3340740000
2460941.1515219999 0.9983192827 0.0038486639 1.4600800000 -0.0098150000 0.0000963342 1207.7716250000 798.3201530000
2460941.1517770002 1.0006615590 0.0038486639 1.4597840000 -0.0095599997 0.0000913936 1207.7819170000 798.2198940000
2460941.1520309998 1.0025747159 0.0038486639 1.4594880000 -0.0093060001 0.0000866016 1208.1668490000 798.1991890000
2460941.1522969999 1.0009118786 0.0038486639 1.4591810000 -0.0090399999 0.0000817216 1207.1338810000 798.8165640000
2460941.1525519998 1.0040229936 0.0038486639 1.4588890000 -0.0087850001 0.0000771762 1207.0493140000 799.5521610000
2460941.1528070001 1.0060255505 0.0038486639 1.4585980000 -0.0085299998 0.0000727609 1205.3075130000 798.9883090000
2460941.1530729998 0.9948952681 0.0038486639 1.4582960000 -0.0082640001 0.0000682937 1205.1879610000 799.4587800000
2460941.1533269999 0.9910957741 0.0038486639 1.4580080000 -0.0080100000 0.0000641601 1204.7431720000 799.7291720000
2460941.1535820002 0.9934201704 0.0038486639 1.4577210000 -0.0077549997 0.0000601400 1204.1537390000 800.0652780000
2460941.1538479999 1.0017254173 0.0038486639 1.4574230000 -0.0074890000 0.0000560851 1204.9309270000 799.7952720000
2460941.1541030002 1.0098786844 0.0038486639 1.4571400000 -0.0072339997 0.0000523308 1205.4281720000 798.9400600000
2460941.1543580000 0.9941085493 0.0038486639 1.4568580000 -0.0069789998 0.0000487064 1206.4392340000 798.2465910000
2460941.1546240002 1.0000000000 0.0038486639 1.4565640000 -0.0067129997 0.0000450644 1207.1717480000 798.1303980000
2460941.1548779998 0.9989272017 0.0038486639 1.4562850000 -0.0064590001 0.0000417187 1207.3845480000 797.9861000000
2460941.1551330001 0.9998659002 0.0038486639 1.4560070000 -0.0062039997 0.0000384896 1207.4231280000 798.1710260000
2460941.1553880000 0.9974252841 0.0038486639 1.4557300000 -0.0059489999 0.0000353906 1207.3485230000 798.1097290000
2460941.1556540001 0.9979169833 0.0038486639 1.4554430000 -0.0056829997 0.0000322965 1206.7606210000 798.1978480000
2460941.1559080002 0.9956909268 0.0038486639 1.4551690000 -0.0054289997 0.0000294740 1206.4232970000 798.4150800000
2460941.1561630000 1.0018148171 0.0038486639 1.4548970000 -0.0051739998 0.0000267703 1206.4365270000 798.3874950000
2460941.1564290002 1.0093244053 0.0038486639 1.4546130000 -0.0049079997 0.0000240885 1205.7381770000 797.9960790000
2460941.1566840000 0.9954942471 0.0038486639 1.4543440000 -0.0046529998 0.0000216504 1205.6212180000 798.6446660000
2460941.1569500002 0.9949667880 0.0038486639 1.4540640000 -0.0043869996 0.0000192458 1205.8851260000 798.6046450000
2460941.1572050001 1.0042911932 0.0038486639 1.4537970000 -0.0041319998 0.0000170734 1205.4450240000 798.9992050000
2460941.1574590001 0.9982835227 0.0038486639 1.4535320000 -0.0038779997 0.0000150389 1205.8160890000 799.0524720000
2460941.1577260001 1.0018148171 0.0038486639 1.4532560000 -0.0036109998 0.0000130393 1205.3608380000 799.3648180000
2460941.1579800001 0.9942337091 0.0038486639 1.4529940000 -0.0033569997 0.0000112694 1205.9885700000 799.1966750000
2460941.1582350000 0.9964061257 0.0038486639 1.4527330000 -0.0031019999 0.0000096224 1206.3805670000 799.0698560000
2460941.1585010001 1.0007330788 0.0038486639 1.4524620000 -0.0028359997 0.0000080429 1206.9013770000 798.9382640000
2460941.1587560000 0.9970229847 0.0038486639 1.4522040000 -0.0025809999 0.0000066616 1207.4823750000 799.5298000000
2460941.1590100001 0.9916232332 0.0038486639 1.4519470000 -0.0023269998 0.0000054149 1208.0176610000 799.0484890000
2460941.1592760002 1.0010459783 0.0038486639 1.4516800000 -0.0020609996 0.0000042477 1207.6976090000 798.7883850000
2460941.1595310001 0.9954942471 0.0038486639 1.4514260000 -0.0018059998 0.0000032616 1206.6417020000 798.4390050000
2460941.1597859999 1.0031200551 0.0038486639 1.4511740000 -0.0015509999 0.0000024056 1206.3687050000 798.7366050000
2460941.1600400000 0.9959054865 0.0038486639 1.4509230000 -0.0012969999 0.0000016822 1206.1366250000 799.3162200000
2460941.1603069999 0.9998480202 0.0038486639 1.4506620000 -0.0010299999 0.0000010609 1206.1864080000 799.4367970000
2460941.1605610000 1.0064099699 0.0038486639 1.4504130000 -0.0007759999 0.0000006022 1205.6906590000 799.6278350000
2460941.1608270002 1.0010280984 0.0038486639 1.4501550000 -0.0005099997 0.0000002601 1205.2467240000 799.6501980000
2460941.1610820000 1.0028518555 0.0038486639 1.4499100000 -0.0002549998 0.0000000650 1205.3816640000 799.8937920000
2460941.1613369999 0.9908990944 0.0038486639 1.4496660000 0.0000000000 0.0000000000 1205.4716860000 800.0026950000
2460941.1616030000 1.0016807173 0.0038486639 1.4494120000 0.0002660002 0.0000000708 1206.0051850000 800.3105780000
2460941.1618570001 1.0009118786 0.0038486639 1.4491710000 0.0005200002 0.0000002704 1206.1033190000 800.7743420000
2460941.1621119999 1.0039335938 0.0038486639 1.4489310000 0.0007750001 0.0000006006 1205.4193650000 800.1557500000
2460941.1623669998 1.0071251687 0.0038486639 1.4486930000 0.0010299999 0.0000010609 1205.7106260000 799.5367260000
2460941.1626329999 1.0016896573 0.0038486639 1.4484450000 0.0012960001 0.0000016796 1206.2597120000 799.3198500000
2460941.1628870000 1.0047203125 0.0038486639 1.4482090000 0.0015500002 0.0000024025 1206.2693440000 798.8186210000
2460941.1631419999 0.9924546519 0.0038486639 1.4479750000 0.0018050000 0.0000032580 1207.0765660000 798.5722880000
2460941.1634080000 0.9990344815 0.0038486639 1.4477320000 0.0020710002 0.0000042890 1207.5511560000 799.0017870000
2460941.1636629999 0.9964508256 0.0038486639 1.4475000000 0.0023260000 0.0000054103 1207.5204010000 799.7172020000
2460941.1639180002 1.0081353871 0.0038486639 1.4472700000 0.0025810003 0.0000066616 1207.0824630000 799.4167800000
2460941.1641839999 0.9973358842 0.0038486639 1.4470310000 0.0028470000 0.0000081054 1205.9020160000 798.9000860000
2460941.1644379999 0.9992937411 0.0038486639 1.4468040000 0.0031010001 0.0000096162 1204.9257270000 799.2966290000
2460941.1646929998 0.9974163441 0.0038486639 1.4465780000 0.0033559999 0.0000112627 1204.1120500000 799.2264990000
2460941.1649590000 0.9945287286 0.0038486639 1.4463430000 0.0036220001 0.0000131189 1204.3207150000 799.3338000000
2460941.1652139998 0.9960395863 0.0038486639 1.4461200000 0.0038770000 0.0000150311 1204.7282110000 799.5716180000
2460941.1654800000 0.9915606533 0.0038486639 1.4458880000 0.0041430001 0.0000171644 1204.7476840000 799.9004300000
2460941.1657349998 0.9951902876 0.0038486639 1.4456680000 0.0043980000 0.0000193424 1204.7932050000 799.7884910000
2460941.1659889999 0.9988735618 0.0038486639 1.4454490000 0.0046520000 0.0000216411 1204.7711640000 799.4933280000
2460941.1662550000 0.9982745827 0.0038486639 1.4452220000 0.0049180002 0.0000241867 1205.6323190000 798.9209350000
2460941.1665099999 0.9991596413 0.0038486639 1.4450060000 0.0051730000 0.0000267599 1205.6180290000 798.6179800000
2460941.1667650002 0.9953154474 0.0038486639 1.4447910000 0.0054280004 0.0000294632 1205.7654690000 799.1298210000
2460941.1670309999 0.9988825018 0.0038486639 1.4445680000 0.0056940001 0.0000324216 1205.9016050000 799.2233620000
2460941.1672860002 0.9997318004 0.0038486639 1.4443560000 0.0059490004 0.0000353906 1206.1986740000 798.6591290000
2460941.1675399998 1.0045325728 0.0038486639 1.4441460000 0.0062030000 0.0000384772 1205.7626200000 799.0919580000
2460941.1678060000 1.0082963069 0.0038486639 1.4439270000 0.0064690001 0.0000418480 1205.8767670000 798.9945140000
2460941.1680609998 1.0003128995 0.0038486639 1.4437190000 0.0067240000 0.0000452122 1205.8510100000 799.2928990000
2460941.1683160001 1.0080370473 0.0038486639 1.4435130000 0.0069790003 0.0000487064 1205.9628070000 799.4717870000
2460941.1685819998 1.0006526190 0.0038486639 1.4432990000 0.0072450000 0.0000524900 1205.9388910000 799.4826090000
2460941.1688359999 1.0011532582 0.0038486639 1.4430950000 0.0074990001 0.0000562350 1206.4496980000 799.6150240000
2460941.1690910002 0.9953333274 0.0038486639 1.4428930000 0.0077540004 0.0000601245 1206.2368480000 799.9749040000
2460941.1693460001 0.9972196644 0.0038486639 1.4426920000 0.0080090002 0.0000641441 1205.2243310000 800.1104130000
2460941.1696120002 0.9946717684 0.0038486639 1.4424830000 0.0082750004 0.0000684756 1205.4188570000 799.3320660000
2460941.1698670001 0.9980510831 0.0038486639 1.4422850000 0.0085300002 0.0000727609 1205.1918800000 799.3436250000
2460941.1701210001 0.9991596413 0.0038486639 1.4420880000 0.0087840003 0.0000771587 1205.4772910000 799.7014040000
2460941.1703869998 0.9944214488 0.0038486639 1.4418840000 0.0090500000 0.0000819025 1206.3669200000 799.5348580000
2460941.1706420002 0.9951008877 0.0038486639 1.4416900000 0.0093050003 0.0000865830 1207.2247410000 798.8310120000
2460941.1708970000 0.9971570845 0.0038486639 1.4414980000 0.0095600002 0.0000913936 1207.8639450000 798.5762030000
2460941.1711630002 1.0006079190 0.0038486639 1.4412980000 0.0098260003 0.0000965503 1207.8878860000 798.3210910000
2460941.1714289999 1.0051851918 0.0038486639 1.4410990000 0.0100920000 0.0001018485 1206.9672550000 798.5489800000
2460941.1716950000 0.9966564453 0.0038486639 1.4409020000 0.0103580002 0.0001072882 1206.8638820000 798.9467410000
2460941.1719499999 0.9982745827 0.0038486639 1.4407150000 0.0106130000 0.0001126358 1206.4196200000 799.0940500000
2460941.1722160000 0.9931877308 0.0038486639 1.4405210000 0.0108790002 0.0001183526 1205.7992950000 800.0096230000
2460941.1727479999 0.9942784090 0.0038486639 1.4401380000 0.0114110000 0.0001302109 1205.3308970000 799.1222280000
2460941.1730149998 0.9942873490 0.0038486639 1.4399480000 0.0116780000 0.0001363757 1204.7545120000 799.8185730000
2460941.1732810000 0.9832017665 0.0038486639 1.4397600000 0.0119440001 0.0001426591 1204.5710740000 799.1350810000
2460941.1735470002 0.9867330610 0.0038486639 1.4395740000 0.0122100003 0.0001490841 1204.5165510000 798.8488730000
2460941.1738129999 0.9980779030 0.0038486639 1.4393880000 0.0124760000 0.0001556506 1204.1950450000 798.4727790000
2460941.1740790000 0.9931162109 0.0038486639 1.4392050000 0.0127420002 0.0001623586 1205.1797950000 798.3370610000
2460941.1746000000 1.0005095792 0.0038486639 1.4388500000 0.0132630002 0.0001759072 1206.3825360000 798.3529090000
2460941.1748660002 0.9966564453 0.0038486639 1.4386700000 0.0135290003 0.0001830339 1206.6905220000 798.6738220000
2460941.1751330001 1.0004022994 0.0038486639 1.4384930000 0.0137960003 0.0001903296 1207.4807660000 798.6678050000
2460941.1753989998 0.9968620650 0.0038486639 1.4383160000 0.0140620000 0.0001977398 1207.4526050000 799.4604680000
2460941.1756529999 0.9962183860 0.0038486639 1.4381490000 0.0143160000 0.0002049479 1207.1010150000 799.6703150000
2460941.1759199998 0.9997049805 0.0038486639 1.4379750000 0.0145830000 0.0002126639 1207.1427660000 799.4225030000
2460941.1761860000 0.9985249023 0.0038486639 1.4378030000 0.0148490001 0.0002204928 1206.7907870000 799.2356670000
2460941.1764400001 0.9968263050 0.0038486639 1.4376400000 0.0151030002 0.0002281006 1207.1141170000 799.1230110000
2460941.1767070000 0.9927496715 0.0038486639 1.4374710000 0.0153700002 0.0002362369 1206.1244460000 799.5976690000
2460941.1769730002 0.9928569513 0.0038486639 1.4373040000 0.0156360003 0.0002444845 1206.3004350000 799.8112780000
2460941.1772269998 1.0002592596 0.0038486639 1.4371450000 0.0158899999 0.0002524921 1205.9865580000 799.0419510000
2460941.1774940002 0.9931609108 0.0038486639 1.4369800000 0.0161570003 0.0002610487 1206.4767290000 798.4255330000
2460941.1777599999 0.9978275834 0.0038486639 1.4368170000 0.0164230000 0.0002697149 1207.2729750000 798.1115420000
2460941.1780150002 0.9944572088 0.0038486639 1.4366620000 0.0166780003 0.0002781557 1207.3436550000 798.4375880000
2460941.1782809999 0.9947522283 0.0038486639 1.4365010000 0.0169440000 0.0002870991 1208.2008130000 798.4740610000
2460941.1785350000 0.9887266778 0.0038486639 1.4363490000 0.0171980001 0.0002957712 1207.9535320000 798.1720560000
2460941.1788019999 0.9902107155 0.0038486639 1.4361920000 0.0174650000 0.0003050262 1206.7939370000 797.9017690000
2460941.1790680001 0.9959770064 0.0038486639 1.4360360000 0.0177310002 0.0003143884 1206.9506440000 798.0833230000
2460941.1793220001 0.9892273170 0.0038486639 1.4358880000 0.0179850003 0.0003234602 1206.4361070000 798.9976710000
2460941.1795890001 0.9902554154 0.0038486639 1.4357340000 0.0182520002 0.0003331355 1205.7946870000 799.7490450000
2460941.1798550002 0.9900766157 0.0038486639 1.4355830000 0.0185180004 0.0003429163 1205.0131010000 800.2643260000
2460941.1801089998 0.9954942471 0.0038486639 1.4354390000 0.0187720000 0.0003523880 1205.3698630000 800.3769130000
2460941.1803640001 0.9954763671 0.0038486639 1.4352970000 0.0190270003 0.0003620267 1205.3655450000 800.6283290000
2460941.1806299998 0.9906219548 0.0038486639 1.4351490000 0.0192930000 0.0003722198 1205.4242280000 800.1547640000
2460941.1808850002 0.9982388228 0.0038486639 1.4350090000 0.0195480003 0.0003821243 1205.8942600000 799.3047610000
2460941.1811390002 0.9996781605 0.0038486639 1.4348710000 0.0198020004 0.0003921192 1206.2467600000 798.9010500000
2460941.1814060002 0.9938224698 0.0038486639 1.4347280000 0.0200690003 0.0004027648 1205.9061230000 798.5836650000
2460941.1816599998 0.9975862038 0.0038486639 1.4345920000 0.0203229999 0.0004130243 1205.8963120000 798.4857300000
2460941.1819150001 0.9914354935 0.0038486639 1.4344580000 0.0205780002 0.0004234541 1206.1711130000 799.1263130000
2460941.1821699999 0.9901123756 0.0038486639 1.4343250000 0.0208330001 0.0004340139 1205.7936480000 799.3629380000
2460941.1824360001 0.9967726651 0.0038486639 1.4341870000 0.0210990002 0.0004451678 1205.9888930000 799.1312950000
2460941.1826900002 0.9933397105 0.0038486639 1.4340570000 0.0213530003 0.0004559506 1205.6760870000 798.8799240000
2460941.1829570001 0.9871085404 0.0038486639 1.4339230000 0.0216200002 0.0004674244 1205.4434420000 799.6481000000
2460941.1832110002 0.9912656338 0.0038486639 1.4337950000 0.0218740003 0.0004784719 1205.8721590000 799.9308180000
2460941.1834660000 0.9976577237 0.0038486639 1.4336690000 0.0221290002 0.0004896926 1206.0546030000 800.0365880000
2460941.1837320002 0.9979348633 0.0038486639 1.4335390000 0.0223950003 0.0005015360 1205.6340510000 800.1254550000
2460941.1839870000 0.9958876065 0.0038486639 1.4334150000 0.0226500002 0.0005130225 1205.7670930000 799.2969660000
2460941.1842410001 0.9972464844 0.0038486639 1.4332930000 0.0229040002 0.0005245932 1205.7638790000 798.6018590000
2460941.1844959999 0.9947611683 0.0038486639 1.4331720000 0.0231590001 0.0005363393 1206.3421110000 798.4034720000
2460941.1847620001 0.9951545277 0.0038486639 1.4330480000 0.0234250003 0.0005487306 1206.8808030000 797.7924500000
2460941.1850170000 0.9926781516 0.0038486639 1.4329300000 0.0236800001 0.0005607424 1207.6665840000 797.3770330000
2460941.1852830001 0.9920255326 0.0038486639 1.4328080000 0.0239460003 0.0005734109 1207.3757440000 798.2566000000
2460941.1855380000 0.9848735439 0.0038486639 1.4326920000 0.0242010001 0.0005856884 1207.3074370000 798.4667510000
2460941.1857920000 0.9984623224 0.0038486639 1.4325780000 0.0244550002 0.0005980470 1206.5775840000 798.6065170000
2460941.1860580002 0.9865632012 0.0038486639 1.4324610000 0.0247210003 0.0006111279 1205.7301550000 798.4564750000
2460941.1863130000 0.9925619318 0.0038486639 1.4323490000 0.0249760002 0.0006238006 1205.1930620000 798.5447280000
2460941.1865679999 0.9850434036 0.0038486639 1.4322400000 0.0252310000 0.0006366034 1204.6017070000 798.8753380000
2460941.1868340001 0.9945555486 0.0038486639 1.4321260000 0.0254970002 0.0006500970 1200.9878760000 801.5625040000
2460941.1873430000 0.9850434036 0.0038486639 1.4319130000 0.0260060001 0.0006763120 1202.7462630000 800.8603480000
2460941.1875979998 0.9862234818 0.0038486639 1.4318090000 0.0262610000 0.0006896401 1203.0168050000 801.6310720000
2460941.1878640000 0.9875823596 0.0038486639 1.4317010000 0.0265270001 0.0007036817 1203.3629470000 801.9090270000
2460941.1881180000 0.9907381746 0.0038486639 1.4315990000 0.0267810002 0.0007172220 1204.3609830000 801.4563130000
2460941.1883729999 0.9908901544 0.0038486639 1.4314980000 0.0270360000 0.0007309453 1204.2709350000 801.2946010000
2460941.1886390001 0.9916053533 0.0038486639 1.4313950000 0.0273020002 0.0007453992 1205.2924970000 800.3923720000
2460941.1888939999 0.9898620560 0.0038486639 1.4312970000 0.0275570001 0.0007593883 1206.2482880000 799.7676640000
2460941.1891490002 0.9876896395 0.0038486639 1.4312010000 0.0278120004 0.0007735074 1206.6455970000 799.1598030000
2460941.1880029999 1.0268110176 0.0038486639 1.4316450000 0.0266660000 0.0007110756 1203.2720770000 804.1139440000
2460941.1896690000 0.9853741831 0.0038486639 1.4310080000 0.0283320001 0.0008027022 1207.0324080000 799.1663730000
2460941.1899239998 0.9886015180 0.0038486639 1.4309150000 0.0285870000 0.0008172166 1207.3321060000 798.8249560000
2460941.1901900000 0.9832464665 0.0038486639 1.4308200000 0.0288530001 0.0008324956 1207.4865470000 799.0233440000
2460941.1904449998 0.9904967950 0.0038486639 1.4307300000 0.0291080000 0.0008472757 1206.5870120000 800.1684350000
2460941.1906989999 0.9843192648 0.0038486639 1.4306420000 0.0293620001 0.0008621270 1204.9284250000 800.8142900000
2460941.1909659998 0.9836219459 0.0038486639 1.4305510000 0.0296290000 0.0008778776 1204.8908780000 800.4197910000
2460941.1912199999 0.9893077769 0.0038486639 1.4304660000 0.0298830001 0.0008929937 1205.4438700000 800.1471210000
2460941.1914750002 0.9944214488 0.0038486639 1.4303810000 0.0301380004 0.0009082991 1205.9350580000 800.1176360000
2460941.1917409999 0.9865095613 0.0038486639 1.4302950000 0.0304040001 0.0009244032 1206.6355930000 799.7741340000
2460941.1919959998 0.9903895152 0.0038486639 1.4302130000 0.0306589999 0.0009399743 1206.3454680000 800.1867640000
2460941.1922499998 0.9865989612 0.0038486639 1.4301330000 0.0309130000 0.0009556136 1206.5417560000 799.4524900000
2460941.1925169998 0.9887534978 0.0038486639 1.4300500000 0.0311799999 0.0009721924 1206.9310730000 799.6537010000
2460941.1927709999 0.9894955166 0.0038486639 1.4299730000 0.0314340000 0.0009880964 1207.3253210000 799.5369230000
2460941.1930260002 0.9851149235 0.0038486639 1.4298960000 0.0316890003 0.0010041927 1207.6298490000 798.4303560000
2460941.1932919999 0.9842477449 0.0038486639 1.4298180000 0.0319550000 0.0010211220 1207.0721490000 798.5007020000
2460941.1935470002 0.9952796875 0.0038486639 1.4297450000 0.0322100003 0.0010374841 1206.9423260000 798.1746070000
2460941.1938009998 0.9835593660 0.0038486639 1.4296720000 0.0324639999 0.0010539113 1206.9256740000 798.5964830000
2460941.1940669999 0.9942426491 0.0038486639 1.4295980000 0.0327300001 0.0010712529 1205.5873880000 799.6456210000
2460941.1943219998 0.9860983220 0.0038486639 1.4295290000 0.0329849999 0.0010880102 1205.1509420000 799.6861650000
2460941.1945770001 0.9905146750 0.0038486639 1.4294610000 0.0332400003 0.0011048976 1204.8027250000 799.6534410000
2460941.1948429998 0.9832911664 0.0038486639 1.4293910000 0.0335059999 0.0011226520 1204.2760730000 800.2739800000
2460941.1950980001 0.9870638404 0.0038486639 1.4293250000 0.0337610003 0.0011398051 1204.2777940000 800.6139620000
2460941.1953520002 0.9842119849 0.0038486639 1.4292610000 0.0340150003 0.0011570202 1204.1542210000 800.6315510000
2460941.1956179999 0.9899603959 0.0038486639 1.4291960000 0.0342810000 0.0011751870 1204.5655750000 800.6980960000
2460941.1958730002 0.9916053533 0.0038486639 1.4291340000 0.0345360003 0.0011927353 1204.4777100000 800.3395210000
2460941.1961280000 0.9897547762 0.0038486639 1.4290740000 0.0347910002 0.0012104137 1204.7960130000 799.6832680000
2460941.1963940002 0.9909884942 0.0038486639 1.4290130000 0.0350570004 0.0012289933 1205.7339620000 799.8841680000
2460941.1966479998 0.9930268110 0.0038486639 1.4289550000 0.0353110000 0.0012468667 1205.7538090000 799.8268650000
2460941.1969030001 0.9928390713 0.0038486639 1.4288990000 0.0355660003 0.0012649404 1206.1270650000 799.8333800000
2460941.1971689998 0.9932503107 0.0038486639 1.4288420000 0.0358320000 0.0012839322 1206.0379790000 800.0676860000
2460941.1974240001 0.9849808237 0.0038486639 1.4287890000 0.0360870003 0.0013022716 1206.6698960000 799.4472210000
2460941.1976780002 0.9837560457 0.0038486639 1.4287370000 0.0363410003 0.0013206683 1206.4471210000 799.4206560000
2460941.1979450001 0.9942247691 0.0038486639 1.4286840000 0.0366080003 0.0013401457 1205.4013320000 800.3828220000
2460941.1981990002 0.9930536310 0.0038486639 1.4286340000 0.0368620004 0.0013588071 1205.7753980000 801.4059710000
2460941.1984540001 0.9874750798 0.0038486639 1.4285860000 0.0371170002 0.0013776717 1206.0605970000 801.5931290000
2460941.1987200002 0.9884852982 0.0038486639 1.4285370000 0.0373830004 0.0013974887 1205.5324380000 801.5690570000
2460941.1989750001 0.9860178621 0.0038486639 1.4284920000 0.0376380002 0.0014166191 1206.5078270000 801.0007710000
2460941.1992290001 0.9861072620 0.0038486639 1.4284480000 0.0378920003 0.0014358037 1205.8876070000 800.4391480000
2460941.1994960001 0.9890127574 0.0038486639 1.4284030000 0.0381590002 0.0014561093 1206.3581130000 800.0008690000
2460941.1997500001 0.9869833806 0.0038486639 1.4283620000 0.0384130003 0.0014755586 1207.0110810000 798.7825930000
2460941.2000050000 0.9929731711 0.0038486639 1.4283220000 0.0386680001 0.0014952142 1207.4883740000 798.3587410000
2460941.2002710002 0.9931251509 0.0038486639 1.4282820000 0.0389340003 0.0015158564 1207.4799010000 798.1999200000
2460941.2005260000 0.9885210581 0.0038486639 1.4282440000 0.0391890001 0.0015357777 1206.9332040000 798.6893550000
2460941.2007800001 0.9889769974 0.0038486639 1.4282080000 0.0394430002 0.0015557503 1206.0495710000 798.6521960000
2460941.2010459998 0.9904342151 0.0038486639 1.4281720000 0.0397089999 0.0015768047 1205.5292870000 799.2039460000
2460941.2013010001 0.9869386806 0.0038486639 1.4281390000 0.0399640002 0.0015971213 1205.5245660000 799.6413210000
2460941.2015559999 0.9855708628 0.0038486639 1.4281070000 0.0402190001 0.0016175680 1205.4942460000 799.7125140000
2460941.2018100000 0.9895133966 0.0038486639 1.4280760000 0.0404730001 0.0016380637 1205.3196090000 799.9744480000
2460941.2020769999 0.9846768642 0.0038486639 1.4280460000 0.0407400001 0.0016597476 1205.8941910000 800.2989970000
2460941.2023310000 0.9940459694 0.0038486639 1.4280180000 0.0409940002 0.0016805080 1206.1552420000 799.9402390000
2460941.2025859999 0.9864648614 0.0038486639 1.4279910000 0.0412490000 0.0017014800 1206.6083380000 799.5783310000
2460941.2028520000 0.9919987126 0.0038486639 1.4279650000 0.0415150002 0.0017234952 1206.6579990000 799.5976390000
2460941.2031069999 0.9917126331 0.0038486639 1.4279410000 0.0417700000 0.0017447329 1206.0636800000 799.8228250000
2460941.2033609999 0.9870817204 0.0038486639 1.4279180000 0.0420240001 0.0017660166 1205.5505580000 798.9555520000
2460941.2036159998 0.9929821111 0.0038486639 1.4278970000 0.0422789999 0.0017875138 1205.7233690000 798.5863950000
2460941.2038819999 0.9896117364 0.0038486639 1.4278760000 0.0425450001 0.0018100770 1205.5133240000 798.3739860000
2460941.2041369998 0.9830855467 0.0038486639 1.4278570000 0.0427999999 0.0018318400 1205.9121240000 797.5670000000
2460941.2043909999 0.9856870826 0.0038486639 1.4278400000 0.0430540000 0.0018536469 1205.8406310000 797.7119520000
2460941.2046579998 0.9845070045 0.0038486639 1.4278230000 0.0433209999 0.0018767090 1205.5660950000 798.7642650000
2460941.2051670002 0.9875823596 0.0038486639 1.4277950000 0.0438300003 0.0019210689 1205.1770050000 798.8751710000
2460941.2054329999 0.9878058593 0.0038486639 1.4277830000 0.0440960000 0.0019444572 1204.9886310000 799.6567840000
2460941.2056880002 0.9886015180 0.0038486639 1.4277720000 0.0443510003 0.0019670112 1204.5110090000 799.6852790000
2460941.2059539999 0.9816551490 0.0038486639 1.4277630000 0.0446170000 0.0019906767 1204.1319460000 799.5661330000
2460941.2062080000 0.9852222033 0.0038486639 1.4277550000 0.0448710001 0.0020134067 1204.2285380000 799.9454800000
2460941.2064629998 0.9902375354 0.0038486639 1.4277480000 0.0451260000 0.0020363559 1204.5429740000 799.6729850000
2460941.2067180001 0.9798403319 0.0038486639 1.4277430000 0.0453810003 0.0020594352 1204.9898040000 799.6417220000
2460941.2069839998 0.9897458362 0.0038486639 1.4277390000 0.0456470000 0.0020836486 1205.7417680000 799.3833830000
2460941.2072390001 0.9903626952 0.0038486639 1.4277360000 0.0459020003 0.0021069936 1205.6720970000 799.1211950000
2460941.2074930002 0.9872426402 0.0038486639 1.4277350000 0.0461560003 0.0021303764 1206.8110080000 798.6481280000
2460941.2077589999 0.9809220701 0.0038486639 1.4277350000 0.0464220000 0.0021550021 1206.3183790000 798.4318980000
2460941.2080140002 0.9930446910 0.0038486639 1.4277370000 0.0466770004 0.0021787424 1206.7366670000 798.4537440000
2460941.2082690001 0.9833626863 0.0038486639 1.4277400000 0.0469320002 0.0022026126 1206.9569380000 798.6463050000
2460941.2085350002 0.9858569423 0.0038486639 1.4277440000 0.0471980004 0.0022276512 1205.9591000000 799.5477000000
2460941.2087889998 0.9892451970 0.0038486639 1.4277490000 0.0474520000 0.0022516923 1206.1907780000 800.6050610000
2460941.2090440001 0.9853116032 0.0038486639 1.4277560000 0.0477070003 0.0022759579 1206.1232300000 800.7300230000
2460941.2093099998 0.9920255326 0.0038486639 1.4277650000 0.0479730000 0.0023014087 1206.3284630000 800.9804610000
2460941.2095650001 0.9938939896 0.0038486639 1.4277740000 0.0482280003 0.0023259400 1206.7265610000 801.6898570000
2460941.2098190002 0.9857764825 0.0038486639 1.4277850000 0.0484820004 0.0023505044 1206.0769600000 801.1120700000
2460941.2100860002 0.9872247602 0.0038486639 1.4277980000 0.0487490003 0.0023764650 1205.6273770000 800.7218550000
2460941.2103400002 0.9840331852 0.0038486639 1.4278110000 0.0490030004 0.0024012940 1206.1106810000 800.6945580000
2460941.2105950001 0.9892004971 0.0038486639 1.4278260000 0.0492580002 0.0024263506 1206.0520720000 800.1591380000
2460941.2108610002 0.9918109729 0.0038486639 1.4278430000 0.0495240004 0.0024526266 1206.8302890000 799.1754280000
2460941.2111160001 0.9907381746 0.0038486639 1.4278600000 0.0497790002 0.0024779489 1207.5253950000 799.3757590000
2460941.2113819998 0.9881276988 0.0038486639 1.4278800000 0.0500449999 0.0025045020 1207.6726840000 798.9240690000
2460941.2116370001 0.9919808327 0.0038486639 1.4279000000 0.0503000002 0.0025300900 1207.5443700000 799.3205280000
2460941.2118910002 0.9866436611 0.0038486639 1.4279220000 0.0505540003 0.0025557069 1206.4044460000 799.8021990000
2460941.2121460000 0.9850970435 0.0038486639 1.4279450000 0.0508090002 0.0025815545 1205.8934790000 799.7292830000
2460941.2124120002 0.9859016423 0.0038486639 1.4279700000 0.0510750003 0.0026086557 1205.7743620000 799.3821690000
2460941.2126670000 0.9889769974 0.0038486639 1.4279960000 0.0513300002 0.0026347689 1205.7923150000 799.2824000000
2460941.2129210001 0.9852937232 0.0038486639 1.4280230000 0.0515840002 0.0026609091 1205.4563360000 799.4488050000
2460941.2131869998 0.9921238724 0.0038486639 1.4280520000 0.0518499999 0.0026884225 1205.1511700000 799.4486110000
2460941.2134420001 0.9950204279 0.0038486639 1.4280820000 0.0521050002 0.0027149311 1204.9170910000 800.3976290000
2460941.2136969999 0.9946449485 0.0038486639 1.4281120000 0.0523600001 0.0027415696 1205.3927920000 800.5037660000
2460941.2139630001 0.9935274502 0.0038486639 1.4281460000 0.0526260003 0.0027694959 1205.5544320000 800.4580940000
2460941.2142180000 0.9974968040 0.0038486639 1.4281800000 0.0528810001 0.0027964002 1205.0292080000 800.4886840000
2460941.2144720000 0.9937777698 0.0038486639 1.4282150000 0.0531350002 0.0028233282 1204.5217830000 800.2152210000
2460941.2149930000 0.9962183860 0.0038486639 1.4282900000 0.0536560002 0.0028789664 1204.5653800000 799.7115730000
2460941.2152479999 0.9871264203 0.0038486639 1.4283290000 0.0539110000 0.0029063959 1204.1164430000 799.7500390000
2460941.2155140000 0.9937062499 0.0038486639 1.4283710000 0.0541770002 0.0029351473 1204.1386080000 799.6181330000
2460941.2157680001 0.9872784001 0.0038486639 1.4284130000 0.0544310003 0.0029627338 1204.6713480000 799.5708270000
2460941.2160230000 0.9888697176 0.0038486639 1.4284560000 0.0546860001 0.0029905586 1204.8526940000 799.3389740000
2460941.2162890001 0.9930446910 0.0038486639 1.4285020000 0.0549520003 0.0030197223 1205.4729540000 798.8178430000
2460941.2165440000 0.9907918145 0.0038486639 1.4285480000 0.0552070001 0.0030478129 1204.3743890000 798.4571380000
2460941.2168100001 0.9892630770 0.0038486639 1.4285970000 0.0554730003 0.0030772538 1204.3632810000 798.9964990000
2460941.2170650000 0.9948505681 0.0038486639 1.4286450000 0.0557280001 0.0031056100 1203.8655670000 799.2258290000
2460941.2173190000 0.9868403408 0.0038486639 1.4286950000 0.0559820002 0.0031339843 1204.5429000000 800.0629710000
2460941.2175739999 0.9933039506 0.0038486639 1.4287460000 0.0562370000 0.0031626002 1204.4820720000 799.8795930000
2460941.2178400001 0.9954406072 0.0038486639 1.4288000000 0.0565030002 0.0031925890 1203.6911320000 800.0382020000
2460941.2180949999 0.9882260386 0.0038486639 1.4288540000 0.0567580000 0.0032214706 1203.5505420000 799.7517120000
2460941.2183490000 0.9881813387 0.0038486639 1.4289090000 0.0570120001 0.0032503682 1204.2894130000 799.0310980000
2460941.2188700000 0.9886640979 0.0038486639 1.4290260000 0.0575330001 0.0033100461 1205.4085710000 798.3409230000
2460941.2191249998 0.9824508077 0.0038486639 1.4290850000 0.0577880000 0.0033394529 1204.5275170000 797.3836800000
2460941.2193910000 0.9934380504 0.0038486639 1.4291480000 0.0580540001 0.0033702669 1204.5839640000 796.9613110000
2460941.2196459998 0.9836219459 0.0038486639 1.4292100000 0.0583090000 0.0033999395 1204.6438330000 797.0819120000
2460941.2198999999 0.9971749645 0.0038486639 1.4292730000 0.0585630001 0.0034296250 1204.6372060000 798.2820490000
2460941.2201660001 0.9980242631 0.0038486639 1.4293400000 0.0588290002 0.0034608513 1204.3286580000 798.2951080000
2460941.2204209999 0.9958607865 0.0038486639 1.4294060000 0.0590840001 0.0034909191 1204.3221400000 798.0270490000
2460941.2206760002 0.9905236150 0.0038486639 1.4294730000 0.0593390004 0.0035211170 1203.9462770000 798.4662530000
2460941.2209299998 0.9885478781 0.0038486639 1.4295410000 0.0595930000 0.0035513256 1204.6952580000 798.5134910000
2460941.2211969998 0.9989093217 0.0038486639 1.4296140000 0.0598599999 0.0035832196 1203.9348040000 798.1361380000
2460941.2214509998 0.9985785422 0.0038486639 1.4296850000 0.0601140000 0.0036136930 1204.2557180000 798.6286690000
2460941.2217060002 0.9872426402 0.0038486639 1.4297580000 0.0603690003 0.0036444162 1204.0821630000 798.6457930000
2460941.2219719999 0.9955210671 0.0038486639 1.4298350000 0.0606350000 0.0036766032 1203.7935280000 798.4177020000
2460941.2222270002 0.9880561789 0.0038486639 1.4299100000 0.0608900003 0.0037075921 1203.8719280000 798.5385280000
2460941.2224929999 0.9978007635 0.0038486639 1.4299900000 0.0611560000 0.0037400563 1203.9550440000 798.7232890000
2460941.2227469999 0.9895133966 0.0038486639 1.4300680000 0.0614100001 0.0037711881 1203.5285950000 798.7004930000
2460941.2230019998 0.9941174893 0.0038486639 1.4301470000 0.0616649999 0.0038025722 1203.7059650000 799.2474550000
2460941.2232570001 0.9915964133 0.0038486639 1.4302270000 0.0619200002 0.0038340864 1204.6055810000 798.9049200000
2460941.2235229998 0.9930893909 0.0038486639 1.4303130000 0.0621859999 0.0038670986 1204.6656040000 798.3777430000
2460941.2237780001 0.9928569513 0.0038486639 1.4303960000 0.0624410002 0.0038988785 1204.2873590000 798.0713240000
2460941.2240320002 0.9860893820 0.0038486639 1.4304810000 0.0626950003 0.0039306631 1204.7362820000 797.6125620000
2460941.2242979999 0.9914980734 0.0038486639 1.4305710000 0.0629610000 0.0039640875 1205.0030800000 797.4156510000
2460941.2245530002 0.9923563121 0.0038486639 1.4306580000 0.0632160003 0.0039962627 1205.6550850000 797.7792820000
2460941.2248080000 0.9906666547 0.0038486639 1.4307460000 0.0634710002 0.0040285679 1205.3432890000 798.3653230000
2460941.2250740002 0.9876717595 0.0038486639 1.4308400000 0.0637370003 0.0040624052 1205.0038350000 799.1834460000
2460941.2253279998 0.9909884942 0.0038486639 1.4309320000 0.0639909999 0.0040948481 1205.3630700000 799.5969910000
2460941.2255830001 0.9862324218 0.0038486639 1.4310240000 0.0642460003 0.0041275485 1204.9786530000 799.4973710000
2460941.2258489998 0.9883333184 0.0038486639 1.4311220000 0.0645120000 0.0041617981 1204.5857200000 798.5810080000
2460941.2261040001 0.9882260386 0.0038486639 1.4312180000 0.0647670003 0.0041947643 1203.9858930000 798.5130310000
2460941.2263590000 0.9916411132 0.0038486639 1.4313140000 0.0650220001 0.0042278605 1204.2658760000 798.6020060000
2460941.2266130000 0.9919897727 0.0038486639 1.4314120000 0.0652760002 0.0042609562 1204.3637640000 798.3739020000
2460941.2268790002 0.9905414949 0.0038486639 1.4315160000 0.0655420003 0.0042957538 1204.5216210000 797.7660190000
2460941.2271340000 0.9837560457 0.0038486639 1.4316170000 0.0657970002 0.0043292452 1203.6772150000 797.5986300000
2460941.2274000002 0.9930178710 0.0038486639 1.4317240000 0.0660630004 0.0043643200 1203.6522830000 797.3516620000
2460941.2276550001 0.9907560546 0.0038486639 1.4318270000 0.0663180002 0.0043980772 1204.1005510000 797.2333710000
2460941.2279090001 0.9941264293 0.0038486639 1.4319320000 0.0665720003 0.0044318312 1204.7675430000 797.0773460000
2460941.2281760001 0.9884852982 0.0038486639 1.4320430000 0.0668390002 0.0044674519 1204.4370800000 796.5242960000
2460941.2284300001 0.9929999911 0.0038486639 1.4321500000 0.0670930003 0.0045014707 1204.6776560000 795.8952120000
2460941.2286850000 0.9943499289 0.0038486639 1.4322590000 0.0673480001 0.0045357531 1204.7154400000 796.4019670000
2460941.2292060000 0.9961111061 0.0038486639 1.4324860000 0.0678690001 0.0046062012 1204.4347370000 797.0633230000
2460941.2294600001 0.9948326882 0.0038486639 1.4325990000 0.0681230002 0.0046407432 1204.2645700000 797.5863150000
2460941.2297149999 0.9949220880 0.0038486639 1.4327130000 0.0683780001 0.0046755509 1203.6995360000 797.1499160000
2460941.2299810001 0.9920344726 0.0038486639 1.4328340000 0.0686440002 0.0047119988 1204.0221730000 797.3594010000
2460941.2302359999 0.9908722744 0.0038486639 1.4329500000 0.0688990001 0.0047470722 1203.6375610000 796.9438150000
2460941.2305020001 0.9863128816 0.0038486639 1.4330740000 0.0691650002 0.0047837973 1203.8304300000 797.0071680000
2460941.2307569999 0.9903716352 0.0038486639 1.4331940000 0.0694200001 0.0048191364 1203.2564100000 796.8145590000
2460941.2310110000 0.9934648703 0.0038486639 1.4333150000 0.0696740001 0.0048544663 1203.3308060000 795.9463920000
2460941.2312770002 0.9866347211 0.0038486639 1.4334430000 0.0699400003 0.0048916036 1203.6865620000 795.4828780000
2460941.2315320000 0.9875197797 0.0038486639 1.4335660000 0.0701950002 0.0049273380 1204.1367130000 795.1649800000
2460941.2317869999 0.9932860706 0.0038486639 1.4336910000 0.0704500000 0.0049632025 1203.4613320000 796.1963700000
2460941.2320530000 0.9954584872 0.0038486639 1.4338240000 0.0707160002 0.0050007527 1204.0776800000 796.6533140000
2460941.2323070001 1.0016807173 0.0038486639 1.4339510000 0.0709700002 0.0050367409 1204.2746450000 796.3931140000
2460941.2325619999 0.9893792968 0.0038486639 1.4340800000 0.0712250001 0.0050730006 1204.8088290000 796.5992830000
2460941.2328280001 0.9873320400 0.0038486639 1.4342170000 0.0714910002 0.0051109631 1204.2342120000 796.2331600000
2460941.2330829999 0.9877253994 0.0038486639 1.4343490000 0.0717460001 0.0051474885 1204.5357620000 797.3316400000
2460941.2333379998 0.9892898969 0.0038486639 1.4344820000 0.0720009999 0.0051841440 1203.7721640000 797.9622250000
2460941.2335919999 0.9933933504 0.0038486639 1.4346160000 0.0722550000 0.0052207850 1203.5691270000 797.8443960000
2460941.2338580000 0.9936883700 0.0038486639 1.4347580000 0.0725210002 0.0052592955 1204.0439120000 798.2079670000
2460941.2341129999 0.9908633344 0.0038486639 1.4348960000 0.0727760000 0.0052963462 1203.4079660000 798.6753940000
2460941.2343680002 0.9860178621 0.0038486639 1.4350340000 0.0730310003 0.0053335270 1203.8763870000 799.7041940000
2460941.2346339999 0.9905683149 0.0038486639 1.4351810000 0.0732970000 0.0053724502 1203.5779050000 799.9831590000
2460941.2348879999 0.9901123756 0.0038486639 1.4353220000 0.0735510001 0.0054097496 1203.6334700000 799.9050220000
2460941.2351429998 0.9907739346 0.0038486639 1.4354650000 0.0738059999 0.0054473256 1204.0954610000 800.1276410000
2460941.2354090000 0.9923920720 0.0038486639 1.4356150000 0.0740720001 0.0054866612 1204.4813230000 799.5116640000
2460941.2356639998 0.9907113547 0.0038486639 1.4357610000 0.0743270000 0.0055245029 1204.7330360000 799.2421130000
2460941.2359190001 0.9870459605 0.0038486639 1.4359070000 0.0745820003 0.0055624748 1204.1912520000 799.0243730000
2460941.2361849998 0.9876449395 0.0038486639 1.4360620000 0.0748480000 0.0056022231 1204.3800970000 799.0894760000
2460941.2364389999 0.9905414949 0.0038486639 1.4362120000 0.0751020000 0.0056403104 1204.2659640000 798.8086030000
2460941.2366940002 0.9881545187 0.0038486639 1.4363630000 0.0753570003 0.0056786775 1203.6167350000 798.7221820000
2460941.2369490000 0.9890663973 0.0038486639 1.4365150000 0.0756120002 0.0057171746 1203.4262800000 798.4765240000
2460941.2372150002 0.9814048294 0.0038486639 1.4366750000 0.0758780004 0.0057574709 1203.3513380000 798.6414290000
2460941.2374689998 0.9921953923 0.0038486639 1.4368300000 0.0761320000 0.0057960814 1204.0536760000 799.2019290000
2460941.2377240001 0.9938492897 0.0038486639 1.4369860000 0.0763870003 0.0058349738 1205.5093830000 799.9282690000
2460941.2379899998 0.9891647371 0.0038486639 1.4371510000 0.0766530000 0.0058756824 1206.0504980000 799.8865890000
2460941.2382450001 0.9855082829 0.0038486639 1.4373100000 0.0769080003 0.0059148405 1206.6445290000 800.5173970000
2460941.2384990002 0.9957266868 0.0038486639 1.4374710000 0.0771620004 0.0059539743 1206.1532310000 800.4920530000
2460941.2387660001 0.9865363813 0.0038486639 1.4376400000 0.0774290003 0.0059952501 1206.8528140000 800.8003910000
2460941.2390200002 0.9971928444 0.0038486639 1.4378030000 0.0776830004 0.0060346485 1206.0015120000 800.8561750000
2460941.2392750001 0.9967816051 0.0038486639 1.4379670000 0.0779380002 0.0060743319 1205.9976210000 800.8129480000
2460941.2395410002 0.9856960226 0.0038486639 1.4381410000 0.0782040004 0.0061158657 1206.0589910000 800.6317250000
2460941.2397960001 0.9886283380 0.0038486639 1.4383080000 0.0784590002 0.0061558147 1206.4231390000 800.6192470000
2460941.2400500001 0.9855440428 0.0038486639 1.4384770000 0.0787130003 0.0061957364 1206.4214030000 801.2358930000
2460941.2403050000 0.9848467239 0.0038486639 1.4386470000 0.0789680001 0.0062359450 1206.0852930000 800.5772950000
2460941.2405710001 0.9921149325 0.0038486639 1.4388260000 0.0792340003 0.0062780268 1206.0060440000 800.0124780000
2460941.2408260000 0.9861966618 0.0038486639 1.4389980000 0.0794890001 0.0063185011 1205.8726560000 799.6843500000
2460941.2410920002 0.9949042081 0.0038486639 1.4391800000 0.0797550003 0.0063608601 1206.1160960000 799.2567660000
2460941.2413470000 1.0011711381 0.0038486639 1.4393560000 0.0800100002 0.0064016001 1205.9416930000 799.2748640000
2460941.2416010001 0.9909884942 0.0038486639 1.4395330000 0.0802640002 0.0064423097 1205.3884170000 798.8076150000
2460941.2418559999 0.9898799360 0.0038486639 1.4397110000 0.0805190001 0.0064833094 1204.9833230000 799.1859230000
2460941.2421220001 0.9985070224 0.0038486639 1.4398990000 0.0807850002 0.0065262163 1204.9491010000 798.9058940000
2460941.2423769999 0.9841047051 0.0038486639 1.4400790000 0.0810400001 0.0065674816 1204.8983640000 799.0767820000
2460941.2426310000 0.9891826171 0.0038486639 1.4402620000 0.0812940001 0.0066087145 1204.4127540000 799.4976180000
2460941.2428979999 0.9969246449 0.0038486639 1.4404540000 0.0815610001 0.0066521967 1204.3436350000 799.4527980000
2460941.2431520000 0.9914980734 0.0038486639 1.4406390000 0.0818150002 0.0066936943 1204.3308420000 799.2155930000
2460941.2434180002 0.9834073862 0.0038486639 1.4408340000 0.0820810003 0.0067372906 1204.4572490000 799.4151420000
2460941.2436730000 0.9892630770 0.0038486639 1.4410220000 0.0823360002 0.0067792169 1204.6798210000 799.7151880000
2460941.2439279999 0.9949310280 0.0038486639 1.4412110000 0.0825910000 0.0068212733 1204.7033690000 799.0009970000
2460941.2441940000 0.9868224608 0.0038486639 1.4414100000 0.0828570002 0.0068652825 1204.7053480000 799.2787910000
2460941.2444480001 0.9859016423 0.0038486639 1.4416020000 0.0831110002 0.0069074384 1205.0223580000 798.9019690000
2460941.2447029999 0.9867420009 0.0038486639 1.4417950000 0.0833660001 0.0069498900 1204.8004970000 798.4923800000
2460941.2449690001 0.9916858131 0.0038486639 1.4419990000 0.0836320003 0.0069943115 1204.4561640000 798.2602900000
2460941.2452240000 0.9912835138 0.0038486639 1.4421950000 0.0838870001 0.0070370288 1204.3849840000 798.3418600000
2460941.2454789998 0.9925440518 0.0038486639 1.4423920000 0.0841419999 0.0070798762 1204.0732780000 798.6814680000
2460941.2457450000 0.9850970435 0.0038486639 1.4426000000 0.0844080001 0.0071247105 1204.3111600000 799.3567270000
2460941.2459990000 0.9879488990 0.0038486639 1.4428010000 0.0846620002 0.0071676543 1205.0204520000 798.9716120000
2460941.2462539999 0.9874929598 0.0038486639 1.4430020000 0.0849170000 0.0072108969 1205.5317530000 799.1815570000
2460941.2465200000 0.9916053533 0.0038486639 1.4432140000 0.0851830002 0.0072561435 1205.2303530000 798.4064900000
2460941.2467749999 0.9889859374 0.0038486639 1.4434190000 0.0854380000 0.0072996519 1205.4205810000 798.2961600000
2460941.2453049999 1.0225287644 0.0038486639 1.4422580000 0.0839680000 0.0070506250 1205.7491720000 802.3942770000
2460941.2472959999 0.9899246359 0.0038486639 1.4438410000 0.0859590000 0.0073889497 1204.8593940000 797.9983770000
2460941.2475500000 0.9913371537 0.0038486639 1.4440500000 0.0862130001 0.0074326814 1205.1694400000 798.5842280000
2460941.2478049998 0.9901928355 0.0038486639 1.4442600000 0.0864680000 0.0074767150 1205.4064770000 798.8670550000
2460941.2480710000 0.9924635919 0.0038486639 1.4444810000 0.0867340001 0.0075227868 1205.3668530000 798.9346580000
2460941.2483259998 0.9879310191 0.0038486639 1.4446930000 0.0869890000 0.0075670861 1205.2284540000 798.9805870000
2460941.2485799999 0.9892720170 0.0038486639 1.4449070000 0.0872430000 0.0076113411 1205.0643160000 798.7199780000
2460941.2488469998 0.9892720170 0.0038486639 1.4451330000 0.0875100000 0.0076580001 1204.8303190000 797.8178430000
2460941.2491009999 0.9916232332 0.0038486639 1.4453500000 0.0877640001 0.0077025197 1204.9816600000 798.5088170000
2460941.2493560002 0.9836755858 0.0038486639 1.4455680000 0.0880190004 0.0077473444 1204.6139080000 798.3894900000
2460941.2496219999 0.9853116032 0.0038486639 1.4457970000 0.0882850001 0.0077942412 1204.9438850000 798.9261580000
2460941.2498770002 0.9921417524 0.0038486639 1.4460190000 0.0885400004 0.0078393317 1204.8158330000 799.0083720000
2460941.2501309998 0.9871353603 0.0038486639 1.4462410000 0.0887940000 0.0078843744 1205.4898410000 798.7914250000
2460941.2503970000 0.9848467239 0.0038486639 1.4464750000 0.0890600001 0.0079316836 1205.0777140000 798.2523820000
2460941.2506519998 0.9903269353 0.0038486639 1.4467000000 0.0893150000 0.0079771692 1204.7811240000 798.1004310000
2460941.2509070002 0.9973180042 0.0038486639 1.4469270000 0.0895700003 0.0080227850 1205.4399180000 798.3444030000
2460941.2511729999 0.9918288529 0.0038486639 1.4471650000 0.0898360000 0.0080705069 1206.1010060000 798.1926800000
2460941.2514269999 0.9896474964 0.0038486639 1.4473950000 0.0900900001 0.0081162081 1205.6346010000 798.5321770000
2460941.2516819998 0.9996513406 0.0038486639 1.4476250000 0.0903449999 0.0081622190 1204.7546520000 798.2842470000
2460941.2519370001 0.9882170986 0.0038486639 1.4478580000 0.0906000002 0.0082083600 1204.5904110000 799.3394080000
2460941.2522029998 0.9930625710 0.0038486639 1.4481020000 0.0908659999 0.0082566299 1204.4115220000 798.4925900000
2460941.2524580001 0.9909169744 0.0038486639 1.4483370000 0.0911210002 0.0083030367 1204.6183430000 798.6348500000
2460941.2527120002 0.9942605291 0.0038486639 1.4485730000 0.0913750003 0.0083493907 1204.1953980000 798.0117510000
2460941.2529779999 0.9980332031 0.0038486639 1.4488220000 0.0916410000 0.0083980729 1204.3140290000 798.0852490000
2460941.2532330002 0.9921417524 0.0038486639 1.4490610000 0.0918960003 0.0084448749 1204.3802500000 798.5785290000
2460941.2534880000 0.9846947442 0.0038486639 1.4493020000 0.0921510002 0.0084918068 1204.2792360000 799.2159530000
2460941.2537540002 0.9951634676 0.0038486639 1.4495550000 0.0924170003 0.0085409019 1204.8780760000 799.4325640000
2460941.2540079998 0.9985964222 0.0038486639 1.4497980000 0.0926709999 0.0085879142 1204.4294070000 799.0294880000
2460941.2542630001 0.9978544034 0.0038486639 1.4500430000 0.0929260002 0.0086352415 1204.7553610000 798.6693870000
2460941.2545289998 0.9907739346 0.0038486639 1.4503000000 0.0931919999 0.0086847489 1204.8403270000 799.2220780000
2460941.2547840001 0.9894239967 0.0038486639 1.4505480000 0.0934470003 0.0087323419 1204.9004290000 799.3924360000
2460941.2550390000 0.9900408557 0.0038486639 1.4507970000 0.0937020001 0.0087800648 1204.5900670000 798.6886260000
2460941.2553050001 0.9966117454 0.0038486639 1.4510590000 0.0939680003 0.0088299851 1204.4373070000 797.8393720000
2460941.2555590002 0.9891289772 0.0038486639 1.4513100000 0.0942220003 0.0088777853 1204.6603810000 797.7960730000
2460941.2558140000 0.9864112215 0.0038486639 1.4515640000 0.0944770002 0.0089259036 1204.3820100000 797.4581090000
2460941.2560689999 0.9959948863 0.0038486639 1.4518180000 0.0947320000 0.0089741518 1204.0927570000 797.3109920000
2460941.2563350000 1.0000089400 0.0038486639 1.4520860000 0.0949980002 0.0090246200 1204.3717630000 798.5084060000
2460941.2565890001 0.9994457209 0.0038486639 1.4523430000 0.0952520003 0.0090729436 1204.2880960000 798.6544770000
2460941.2568440000 0.9833448063 0.0038486639 1.4526020000 0.0955070001 0.0091215871 1203.8231210000 799.0844790000
2460941.2571100001 0.9945019087 0.0038486639 1.4528740000 0.0957730003 0.0091724676 1203.7590910000 798.6514740000
2460941.2573650000 0.9900944957 0.0038486639 1.4531360000 0.0960280001 0.0092213768 1204.0327460000 798.7936160000
2460941.2576310001 0.9873767399 0.0038486639 1.4534110000 0.0962940003 0.0092725345 1203.7520660000 798.6159730000
2460941.2581400000 0.9975057439 0.0038486639 1.4539420000 0.0968030002 0.0093708208 1202.6511740000 797.8008680000
2460941.2584070000 0.9938492897 0.0038486639 1.4542210000 0.0970700001 0.0094225849 1202.9992020000 797.9952790000
2460941.2586610001 0.9946896484 0.0038486639 1.4544900000 0.0973240002 0.0094719610 1202.7582170000 798.4106970000
2460941.2589159999 0.9907739346 0.0038486639 1.4547600000 0.0975790001 0.0095216613 1203.1416580000 799.1787300000
2460941.2591820001 0.9963703657 0.0038486639 1.4550440000 0.0978450002 0.0095736441 1203.2470850000 800.2078620000
2460941.2594369999 0.9899782758 0.0038486639 1.4553170000 0.0981000001 0.0096236100 1203.8584150000 800.0212350000
2460941.2596910000 0.9934738103 0.0038486639 1.4555920000 0.0983540001 0.0096735093 1204.9859620000 800.2576080000
2460941.2599459998 0.9889948774 0.0038486639 1.4558670000 0.0986090000 0.0097237349 1204.9486660000 799.1372760000
2460941.2602120000 0.9941443093 0.0038486639 1.4561570000 0.0988750001 0.0097762657 1204.8341620000 799.2475160000
2460941.2604669998 0.9926245117 0.0038486639 1.4564360000 0.0991300000 0.0098267569 1205.1348810000 798.9608320000
2460941.2607209999 0.9887981977 0.0038486639 1.4567160000 0.0993840001 0.0098771795 1205.2649290000 798.2032890000
2460941.2609870001 0.9838454455 0.0038486639 1.4570100000 0.0996500002 0.0099301225 1205.5858370000 798.4092380000
2460941.2612419999 0.9939655095 0.0038486639 1.4572930000 0.0999050001 0.0099810090 1205.5552790000 798.2749900000
2460941.2614970002 0.9957535067 0.0038486639 1.4575780000 0.1001600004 0.0100320257 1205.2629790000 798.3079020000
2460941.2617629999 0.9975593839 0.0038486639 1.4578770000 0.1004260001 0.0100853815 1205.6145790000 798.0435100000
2460941.2620179998 0.9904163351 0.0038486639 1.4581640000 0.1006809999 0.0101366637 1206.0556190000 799.1129290000
2460941.2622719998 0.9843639647 0.0038486639 1.4584530000 0.1009350000 0.0101878742 1205.3971510000 799.0014530000
2460941.2625380000 0.9864022815 0.0038486639 1.4587560000 0.1012010002 0.0102416424 1204.8644950000 798.7237710000
2460941.2627929999 0.9926781516 0.0038486639 1.4590470000 0.1014560000 0.0102933199 1204.5727130000 797.7808080000
2460941.2630480002 1.0022528764 0.0038486639 1.4593400000 0.1017110003 0.0103451276 1204.3420070000 797.7952990000
2460941.2633139999 0.9968084250 0.0038486639 1.4596480000 0.1019770000 0.0103993085 1204.4337950000 798.1791190000
2460941.2638229998 0.9922669122 0.0038486639 1.4602410000 0.1024859999 0.0105033802 1204.3617190000 799.6369160000
2460941.2640889999 0.9947432883 0.0038486639 1.4605540000 0.1027520001 0.0105579735 1204.3821350000 800.1928330000
2460941.2643439998 0.9910510741 0.0038486639 1.4608540000 0.1030069999 0.0106104420 1204.7543040000 800.1366170000
2460941.2645990001 0.9944661487 0.0038486639 1.4611550000 0.1032620003 0.0106630407 1204.6260040000 799.8149660000
2460941.2648649998 0.9906845347 0.0038486639 1.4614720000 0.1035279999 0.0107180468 1204.5470810000 799.9898660000
2460941.2651189999 0.9940280894 0.0038486639 1.4617770000 0.1037820000 0.0107707035 1205.1903220000 800.6236440000
2460941.2653740002 0.9955836470 0.0038486639 1.4620830000 0.1040370003 0.0108236974 1204.9507660000 800.1941660000
2460941.2656399999 0.9969872248 0.0038486639 1.4624040000 0.1043030000 0.0108791158 1206.0815710000 800.8580330000
2460941.2658950002 0.9946181285 0.0038486639 1.4627130000 0.1045580003 0.0109323754 1205.3368500000 800.8329560000
2460941.2661489998 1.0007062589 0.0038486639 1.4630230000 0.1048119999 0.0109855553 1205.3068380000 800.7246530000
2460941.2664040001 0.9898709960 0.0038486639 1.4633350000 0.1050670003 0.0110390745 1205.6073000000 800.0375310000
2460941.2666699998 0.9957356267 0.0038486639 1.4636620000 0.1053330000 0.0110950409 1205.2685980000 799.6927230000
2460941.2669250001 0.9989629616 0.0038486639 1.4639770000 0.1055880003 0.0111488258 1205.3400760000 799.4970720000
2460941.2671790002 1.0054891513 0.0038486639 1.4642930000 0.1058420003 0.0112025290 1205.3874620000 798.6625850000
2460941.2674460001 0.9971749645 0.0038486639 1.4646240000 0.1061090003 0.0112591199 1205.0606540000 797.9568850000
2460941.2677000002 0.9976934836 0.0038486639 1.4649430000 0.1063630003 0.0113130878 1205.3097370000 797.9663370000
2460941.2679550000 0.9975951438 0.0038486639 1.4652640000 0.1066180002 0.0113673980 1205.2613450000 797.7552730000
2460941.2682210002 0.9945376686 0.0038486639 1.4656000000 0.1068840004 0.0114241895 1205.2653210000 798.5947990000
2460941.2684760001 0.9972375444 0.0038486639 1.4659230000 0.1071390002 0.0114787654 1203.9728650000 798.6325740000
2460941.2687300001 0.9933575905 0.0038486639 1.4662480000 0.1073930003 0.0115332565 1204.4371960000 798.6632050000
2460941.2689850000 0.9932413707 0.0038486639 1.4665740000 0.1076480001 0.0115880919 1204.4813220000 799.2947820000
2460941.2692510001 1.0019399769 0.0038486639 1.4669170000 0.1079140003 0.0116454315 1204.6222620000 798.7630380000
2460941.2695060000 1.0065261897 0.0038486639 1.4672460000 0.1081690001 0.0117005326 1204.0846650000 798.7420180000
2460941.2697720001 1.0046934926 0.0038486639 1.4675910000 0.1084350003 0.0117581493 1204.2566410000 799.2563660000
2460941.2700270000 0.9984980824 0.0038486639 1.4679230000 0.1086900001 0.0118135161 1203.8000710000 799.8595250000
2460941.2702810001 1.0034061346 0.0038486639 1.4682570000 0.1089440002 0.0118687952 1204.4326750000 800.1329160000
2460941.2705470002 0.9979438032 0.0038486639 1.4686070000 0.1092100004 0.0119268242 1203.5714510000 799.5267460000
2460941.2708020001 1.0013499379 0.0038486639 1.4689430000 0.1094650002 0.0119825863 1204.5608120000 799.4016370000
2460941.2710569999 1.0040051137 0.0038486639 1.4692810000 0.1097200001 0.0120384784 1204.9715920000 799.3155550000
2460941.2713110000 0.9996066406 0.0038486639 1.4696200000 0.1099740001 0.0120942807 1205.0662720000 799.6185840000
2460941.2715779999 0.9941532492 0.0038486639 1.4699760000 0.1102410001 0.0121530781 1205.2278510000 798.9045210000
2460941.2718320000 0.9971302645 0.0038486639 1.4703180000 0.1104950001 0.0122091451 1205.4276530000 798.8405830000
2460941.2720869998 1.0012515980 0.0038486639 1.4706620000 0.1107500000 0.0122655625 1205.1367060000 798.6664680000
2460941.2723530000 1.0004738193 0.0038486639 1.4710230000 0.1110160002 0.0123245523 1204.8826990000 798.8110210000
2460941.2726079999 1.0044342330 0.0038486639 1.4713700000 0.1112710000 0.0123812354 1204.8869580000 798.9994890000
2460941.2728619999 1.0014482777 0.0038486639 1.4717180000 0.1115250001 0.0124378256 1203.9302690000 798.2900500000
2460941.2733829999 1.0037369141 0.0038486639 1.4724340000 0.1120460001 0.0125543061 1206.5715130000 798.2258780000
2460941.2736379998 0.9993563210 0.0038486639 1.4727860000 0.1123009999 0.0126115146 1206.9938110000 798.3545980000
2460941.2739039999 1.0006615590 0.0038486639 1.4731560000 0.1125670001 0.0126713295 1207.1502430000 798.1404890000
2460941.2741589998 1.0003933594 0.0038486639 1.4735120000 0.1128219999 0.0127288037 1205.6491770000 798.6280070000
2460941.2744129999 1.0081443271 0.0038486639 1.4738690000 0.1130760000 0.0127861818 1205.5819240000 798.0723430000
2460941.2746790000 1.0136513584 0.0038486639 1.4742430000 0.1133420002 0.0128464090 1206.0194550000 797.9262340000
2460941.2749339999 1.0007151989 0.0038486639 1.4746030000 0.1135970000 0.0129042784 1205.7925410000 798.6827370000
2460941.2751890002 1.0076079280 0.0038486639 1.4749650000 0.1138520003 0.0129622780 1205.3193390000 798.1868110000
2460941.2754549999 0.9972286044 0.0038486639 1.4753440000 0.1141180000 0.0130229179 1204.8565180000 799.1448220000
2460941.2757090000 1.0107011631 0.0038486639 1.4757080000 0.1143720001 0.0130809544 1203.9466520000 799.3361510000
2460941.2759639998 0.9951366477 0.0038486639 1.4760740000 0.1146269999 0.0131393491 1203.7822980000 799.6313930000
2460941.2762190001 1.0104866034 0.0038486639 1.4764410000 0.1148820003 0.0131978740 1203.9161910000 799.7403730000
2460941.2764849998 1.0065083097 0.0038486639 1.4768270000 0.1151480000 0.0132590619 1203.1374840000 799.5069660000
2460941.2767400001 0.9993026811 0.0038486639 1.4771970000 0.1154030003 0.0133178525 1202.5663660000 800.2947030000
2460941.2769940002 1.0050332120 0.0038486639 1.4775680000 0.1156570003 0.0133765417 1202.1834300000 799.8701950000
2460941.2772599999 1.0102720438 0.0038486639 1.4779590000 0.1159230000 0.0134381419 1202.1976680000 800.2584230000
2460941.2775150002 0.9999821200 0.0038486639 1.4783330000 0.1161780003 0.0134973278 1202.7459280000 799.5118350000
2460941.2777700000 1.0072324486 0.0038486639 1.4787090000 0.1164330002 0.0135566435 1203.1428270000 800.1091230000
2460941.2780360002 1.0028071556 0.0038486639 1.4791040000 0.1166990004 0.0136186567 1203.4189590000 800.2796210000
2460941.2782899998 1.0096462448 0.0038486639 1.4794830000 0.1169530000 0.0136780042 1204.3070050000 799.7959910000
