2460941.1462690001 1.0084691366 0.0027289033 1.4665140000 -0.0665874998 0.0044338951 1161.6494690000 870.8458770000
2460941.1465329998 1.0073320936 0.0027289033 1.4661760000 -0.0663235001 0.0043988067 1161.9977950000 870.3852360000
2460941.1467909999 1.0058062552 0.0027289033 1.4658470000 -0.0660655000 0.0043646503 1161.6632650000 869.8798490000
2460941.1470479998 1.0015661851 0.0027289033 1.4655220000 -0.0658085002 0.0043307587 1160.9292140000 869.7233010000
2460941.1473050001 1.0070826777 0.0027289033 1.4651970000 -0.0655514998 0.0042969991 1159.7644030000 870.6084970000
2460941.1475630002 1.0051533724 0.0027289033 1.4648730000 -0.0652934997 0.0042632411 1158.1807680000 870.8660150000
2460941.1478189998 1.0042437380 0.0027289033 1.4645520000 -0.0650375001 0.0042298764 1157.6241780000 870.7565440000
2460941.1480760002 1.0070019843 0.0027289033 1.4642320000 -0.0647804998 0.0041965132 1158.2286710000 871.1985670000
2460941.1483330000 1.0079849764 0.0027289033 1.4639140000 -0.0645234999 0.0041632820 1158.9878350000 870.9641600000
2460941.1485910001 1.0029379725 0.0027289033 1.4635960000 -0.0642654998 0.0041300545 1159.9507230000 870.6471420000
2460941.1488470002 1.0069873128 0.0027289033 1.4632800000 -0.0640094997 0.0040972161 1159.5365790000 870.5702600000
2460941.1491040001 1.0087772386 0.0027289033 1.4629660000 -0.0637524999 0.0040643812 1158.7787170000 869.2329850000
2460941.1493609999 1.0053954526 0.0027289033 1.4626540000 -0.0634955000 0.0040316785 1158.8526180000 867.3646700000
2460941.1496179998 1.0051607082 0.0027289033 1.4623420000 -0.0632385002 0.0039991079 1157.9385460000 867.4438640000
2460941.1498750001 1.0076622029 0.0027289033 1.4620330000 -0.0629814998 0.0039666693 1157.2502500000 868.0325550000
2460941.1501310002 1.0060263280 0.0027289033 1.4617240000 -0.0627254997 0.0039344883 1159.1676110000 870.5755070000
2460941.1503880001 1.0073027505 0.0027289033 1.4614180000 -0.0624684999 0.0039023135 1159.2441560000 871.8955200000
2460941.1506449999 1.0047205625 0.0027289033 1.4611120000 -0.0622115000 0.0038702707 1159.3727620000 872.8514470000
2460941.1509019998 1.0065104883 0.0027289033 1.4608070000 -0.0619545002 0.0038383601 1158.4025090000 873.0576410000
2460941.1511590001 1.0039943221 0.0027289033 1.4605050000 -0.0616974998 0.0038065815 1158.2777920000 870.9182040000
2460941.1514160000 1.0079629691 0.0027289033 1.4602040000 -0.0614405000 0.0037749350 1158.3362570000 869.5110630000
2460941.1516729998 1.0100243180 0.0027289033 1.4599040000 -0.0611835001 0.0037434207 1158.1556430000 868.6785070000
2460941.1519300002 1.0080876770 0.0027289033 1.4596050000 -0.0609264998 0.0037120384 1160.1632300000 868.2407860000
2460941.1521870000 1.0094447929 0.0027289033 1.4593080000 -0.0606694999 0.0036807882 1159.9886320000 868.3628640000
2460941.1524450001 1.0000256752 0.0027289033 1.4590120000 -0.0604114998 0.0036495493 1159.1393930000 867.8307190000
2460941.1527010002 1.0058209267 0.0027289033 1.4587190000 -0.0601554997 0.0036186841 1160.4721810000 868.8440470000
2460941.1529569998 1.0114621273 0.0027289033 1.4584270000 -0.0598995001 0.0035879501 1160.7074250000 869.3296420000
2460941.1532140002 1.0083884432 0.0027289033 1.4581360000 -0.0596424998 0.0035572278 1159.5440110000 870.2204640000
2460941.1534710000 1.0094081141 0.0027289033 1.4578460000 -0.0593854999 0.0035266376 1159.2751920000 870.7588090000
2460941.1537290001 1.0057402334 0.0027289033 1.4575570000 -0.0591274998 0.0034960612 1159.9060360000 870.2391870000
2460941.1539850002 1.0079116187 0.0027289033 1.4572700000 -0.0588714997 0.0034658535 1160.9512720000 871.1548270000
2460941.1542420001 1.0087699028 0.0027289033 1.4569850000 -0.0586144999 0.0034356596 1160.7566080000 870.8819800000
2460941.1544989999 1.0077649035 0.0027289033 1.4567010000 -0.0583575000 0.0034055978 1159.9067500000 870.1636140000
2460941.1547559998 1.0028426076 0.0027289033 1.4564190000 -0.0581005001 0.0033756681 1160.3803990000 870.4933140000
2460941.1550130001 1.0027399069 0.0027289033 1.4561380000 -0.0578434998 0.0033458705 1160.9702770000 870.8151140000
2460941.1552700000 1.0043024241 0.0027289033 1.4558580000 -0.0575865000 0.0033162050 1161.3154530000 870.8655920000
2460941.1555269998 1.0047058910 0.0027289033 1.4555800000 -0.0573295001 0.0032866716 1162.0838870000 871.1095980000
2460941.1557840002 1.0057402334 0.0027289033 1.4553030000 -0.0570724998 0.0032572702 1162.9349120000 870.7054630000
2460941.1560399998 1.0129292796 0.0027289033 1.4550270000 -0.0568165001 0.0032281147 1163.0285850000 871.1114230000
2460941.1562970001 1.0048966208 0.0027289033 1.4547540000 -0.0565594998 0.0031989770 1163.2407960000 872.7373860000
2460941.1565540000 1.0067599042 0.0027289033 1.4544810000 -0.0563025000 0.0031699715 1163.8062990000 873.7084010000
2460941.1568109998 1.0043391029 0.0027289033 1.4542100000 -0.0560455001 0.0031410981 1162.5795790000 873.2459650000
2460941.1570680002 1.0059676420 0.0027289033 1.4539400000 -0.0557884998 0.0031123567 1161.7577020000 873.6282430000
2460941.1573250000 1.0054247956 0.0027289033 1.4536720000 -0.0555314999 0.0030837475 1161.7868420000 873.0949300000
2460941.1575819999 1.0074127870 0.0027289033 1.4534050000 -0.0552745000 0.0030552704 1162.0753160000 871.4584460000
2460941.1578390002 1.0077869108 0.0027289033 1.4531390000 -0.0550174997 0.0030269253 1162.0462490000 870.9585210000
2460941.1580960001 1.0072734075 0.0027289033 1.4528750000 -0.0547604999 0.0029987123 1161.9281610000 869.4744840000
2460941.1583529999 1.0085278227 0.0027289033 1.4526120000 -0.0545035000 0.0029706315 1162.6137900000 868.7725330000
2460941.1586099998 1.0100683326 0.0027289033 1.4523510000 -0.0542465001 0.0029426828 1161.9987360000 868.6101950000
2460941.1588670001 1.0027399069 0.0027289033 1.4520910000 -0.0539894998 0.0029148661 1161.9801560000 870.1568320000
2460941.1591240000 1.0046031903 0.0027289033 1.4518330000 -0.0537324999 0.0028871816 1161.4064310000 870.7150310000
2460941.1593800001 1.0113887697 0.0027289033 1.4515760000 -0.0534764999 0.0028597360 1160.4793060000 872.0991690000
2460941.1596369999 1.0108165803 0.0027289033 1.4513210000 -0.0532195000 0.0028323152 1159.5693590000 872.0943940000
2460941.1598939998 1.0079556333 0.0027289033 1.4510670000 -0.0529625001 0.0028050264 1160.4608180000 871.6048820000
2460941.1601510001 1.0045004897 0.0027289033 1.4508140000 -0.0527054998 0.0027778697 1161.8904230000 871.7526930000
2460941.1604070002 1.0064811453 0.0027289033 1.4505630000 -0.0524494997 0.0027509500 1162.2743040000 871.6757100000
2460941.1606640001 1.0064664737 0.0027289033 1.4503130000 -0.0521924999 0.0027240570 1162.7639420000 870.8556670000
2460941.1609209999 1.0040383367 0.0027289033 1.4500650000 -0.0519355000 0.0026972962 1162.8449790000 871.0684110000
2460941.1611790000 1.0096281869 0.0027289033 1.4498170000 -0.0516774999 0.0026705640 1162.8002310000 871.7357730000
2460941.1614359999 1.0111320180 0.0027289033 1.4495710000 -0.0514205000 0.0026440678 1163.1782390000 872.4300210000
2460941.1616929998 1.0115574922 0.0027289033 1.4493270000 -0.0511635002 0.0026177038 1162.9547060000 871.2638340000
2460941.1619500001 1.0027545784 0.0027289033 1.4490830000 -0.0509064998 0.0025914717 1163.3847310000 871.4445880000
2460941.1622080002 1.0091586982 0.0027289033 1.4488410000 -0.0506484997 0.0025652705 1163.3764880000 872.5871600000
2460941.1624650001 1.0018376082 0.0027289033 1.4486010000 -0.0503914999 0.0025393033 1162.7541040000 872.9433680000
2460941.1627219999 1.0054394671 0.0027289033 1.4483620000 -0.0501345000 0.0025134681 1161.9727180000 874.1458430000
2460941.1629800000 1.0088579320 0.0027289033 1.4481240000 -0.0498764999 0.0024876652 1161.1427380000 875.1171990000
2460941.1632369999 1.0112273829 0.0027289033 1.4478880000 -0.0496195001 0.0024620948 1162.7031930000 874.8191040000
2460941.1634950000 1.0009793242 0.0027289033 1.4476530000 -0.0493615000 0.0024365577 1163.1040550000 874.8350410000
2460941.1637519998 1.0028132645 0.0027289033 1.4474190000 -0.0491045001 0.0024112519 1163.5472410000 873.2762740000
2460941.1640099999 1.0066498678 0.0027289033 1.4471870000 -0.0488465000 0.0023859806 1164.1098120000 872.4903350000
2460941.1642669998 1.0101196829 0.0027289033 1.4469570000 -0.0485895001 0.0023609395 1162.5906350000 871.8121040000
2460941.1645229999 1.0077135532 0.0027289033 1.4467280000 -0.0483335000 0.0023361272 1161.8592520000 871.9633280000
2460941.1647800002 1.0081830419 0.0027289033 1.4465010000 -0.0480764997 0.0023113498 1162.7687680000 872.4163380000
2460941.1650370001 1.0059089559 0.0027289033 1.4462750000 -0.0478194999 0.0022867046 1162.1501140000 872.3247040000
2460941.1652939999 1.0062023863 0.0027289033 1.4460500000 -0.0475625000 0.0022621914 1161.5888920000 872.3283450000
2460941.1655509998 1.0093787710 0.0027289033 1.4458270000 -0.0473055001 0.0022378103 1161.2500270000 872.7879230000
2460941.1658069999 1.0007885944 0.0027289033 1.4456060000 -0.0470495000 0.0022136555 1161.7596980000 872.4869450000
2460941.1660640002 1.0059016201 0.0027289033 1.4453850000 -0.0467924997 0.0021895380 1161.7441700000 871.0315000000
2460941.1663210001 1.0036422056 0.0027289033 1.4451660000 -0.0465354999 0.0021655527 1160.6508170000 870.3607600000
2460941.1665779999 1.0039062930 0.0027289033 1.4449490000 -0.0462785000 0.0021416996 1159.4928100000 870.3226990000
2460941.1668349998 1.0063344300 0.0027289033 1.4447320000 -0.0460215001 0.0021179785 1159.6216940000 871.1106480000
2460941.1670920001 1.0047132267 0.0027289033 1.4445170000 -0.0457644998 0.0020943894 1159.7068360000 872.1103270000
2460941.1673490000 1.0071927141 0.0027289033 1.4443040000 -0.0455074999 0.0020709326 1161.5084460000 872.8483530000
2460941.1676070001 1.0034881546 0.0027289033 1.4440910000 -0.0452494998 0.0020475172 1163.0860260000 874.0505510000
2460941.1678640000 1.0094594644 0.0027289033 1.4438800000 -0.0449925000 0.0020243251 1162.1916860000 874.4146640000
2460941.1681209998 1.0033414393 0.0027289033 1.4436710000 -0.0447355001 0.0020012650 1161.1166320000 872.9683760000
2460941.1683769999 1.0048379347 0.0027289033 1.4434630000 -0.0444795000 0.0019784259 1160.9822260000 870.5049120000
2460941.1686339998 1.0020796884 0.0027289033 1.4432560000 -0.0442225002 0.0019556295 1160.9511310000 871.3461280000
2460941.1688910001 1.0065251598 0.0027289033 1.4430510000 -0.0439654998 0.0019329652 1161.5840950000 872.8938840000
2460941.1691490002 1.0077502320 0.0027289033 1.4428470000 -0.0437074997 0.0019103455 1162.1657600000 872.5685830000
2460941.1694049998 1.0087258883 0.0027289033 1.4426450000 -0.0434515001 0.0018880329 1162.5869390000 872.7068460000
2460941.1696620001 1.0029746513 0.0027289033 1.4424440000 -0.0431944998 0.0018657648 1162.1134970000 872.7120310000
2460941.1699199998 1.0032827533 0.0027289033 1.4422440000 -0.0429365002 0.0018435430 1162.4147250000 872.4461730000
2460941.1701770001 1.0109779670 0.0027289033 1.4420450000 -0.0426794998 0.0018215397 1162.4473810000 873.2326460000
2460941.1704340000 1.0066278605 0.0027289033 1.4418490000 -0.0424225000 0.0017996685 1162.5346920000 873.9164520000
2460941.1706909998 1.0032680817 0.0027289033 1.4416530000 -0.0421655001 0.0017779294 1162.6627390000 872.9595020000
2460941.1709480002 1.0097895737 0.0027289033 1.4414590000 -0.0419084998 0.0017563224 1163.0312920000 873.6320180000
2460941.1712119998 1.0015955281 0.0027289033 1.4412610000 -0.0416445001 0.0017342644 1161.2066760000 874.1710620000
2460941.1714740000 1.0091146836 0.0027289033 1.4410660000 -0.0413825000 0.0017125113 1161.3187920000 874.9794030000
2460941.1717389999 1.0093274207 0.0027289033 1.4408700000 -0.0411175000 0.0016906488 1162.5395470000 875.1624740000
2460941.1719990000 1.0011113679 0.0027289033 1.4406800000 -0.0408574999 0.0016693353 1162.5615310000 873.8123450000
2460941.1722599999 1.0013241049 0.0027289033 1.4404900000 -0.0405965000 0.0016480758 1163.4178630000 873.4076640000
2460941.1725209998 1.0023217685 0.0027289033 1.4403010000 -0.0403355001 0.0016269526 1163.5144690000 874.0240030000
2460941.1727800001 1.0045958546 0.0027289033 1.4401150000 -0.0400764998 0.0016061258 1162.6700480000 874.9024820000
2460941.1730399998 1.0059089559 0.0027289033 1.4399310000 -0.0398165002 0.0015853537 1163.6791300000 876.2177430000
2460941.1732990001 1.0018156010 0.0027289033 1.4397470000 -0.0395574998 0.0015647958 1165.7360290000 877.9958910000
2460941.1735620000 1.0043831175 0.0027289033 1.4395630000 -0.0392944999 0.0015440577 1166.7912450000 879.2026660000
2460941.1738260002 0.9984851653 0.0027289033 1.4393800000 -0.0390304998 0.0015233799 1165.8767420000 877.5089310000
2460941.1740879999 1.0024097976 0.0027289033 1.4391990000 -0.0387685001 0.0015029966 1164.6948110000 875.3470780000
2460941.1743529998 1.0029233009 0.0027289033 1.4390170000 -0.0385035002 0.0014825195 1164.4943140000 874.9185420000
2460941.1746140001 1.0095988439 0.0027289033 1.4388400000 -0.0382424998 0.0014624888 1164.3232600000 875.5083860000
2460941.1748750000 1.0036568771 0.0027289033 1.4386650000 -0.0379814999 0.0014425943 1164.1719850000 874.5906960000
2460941.1751339999 1.0076401956 0.0027289033 1.4384920000 -0.0377225000 0.0014229870 1163.8509740000 873.6429860000
2460941.1753940000 1.0068992837 0.0027289033 1.4383190000 -0.0374624999 0.0014034389 1163.9469590000 872.8194130000
2460941.1756540001 1.0061803790 0.0027289033 1.4381490000 -0.0372024998 0.0013840260 1163.2594600000 873.8036420000
2460941.1759159998 1.0076328598 0.0027289033 1.4379780000 -0.0369405001 0.0013646006 1163.5014720000 874.7309610000
2460941.1761820000 0.9988299460 0.0027289033 1.4378060000 -0.0366745000 0.0013450189 1163.1828170000 875.3363660000
2460941.1764429999 1.0013974626 0.0027289033 1.4376390000 -0.0364135001 0.0013259430 1164.6875090000 875.3440620000
2460941.1767040002 1.0049699784 0.0027289033 1.4374730000 -0.0361524997 0.0013070032 1165.4173530000 874.8494040000
2460941.1769650001 1.0059823135 0.0027289033 1.4373090000 -0.0358914998 0.0012881998 1165.7439870000 874.0590620000
2460941.1772260000 1.0068112545 0.0027289033 1.4371460000 -0.0356304999 0.0012695325 1165.4195860000 873.6062640000
2460941.1774860001 1.0025491771 0.0027289033 1.4369840000 -0.0353704998 0.0012510723 1164.9141030000 873.2904330000
2460941.1777470000 1.0055274963 0.0027289033 1.4368240000 -0.0351094999 0.0012326770 1164.6996580000 874.6950460000
2460941.1780079999 0.9984704937 0.0027289033 1.4366650000 -0.0348485000 0.0012144180 1165.0309060000 874.7464460000
2460941.1782689998 1.0025565129 0.0027289033 1.4365080000 -0.0345875002 0.0011962952 1165.6333690000 874.4217430000
2460941.1785289999 1.0004144705 0.0027289033 1.4363530000 -0.0343275000 0.0011783773 1166.6582850000 875.0427610000
2460941.1787899998 1.0033781182 0.0027289033 1.4361990000 -0.0340665001 0.0011605264 1165.4995620000 875.2607000000
2460941.1790499999 1.0027105639 0.0027289033 1.4360460000 -0.0338065000 0.0011428794 1164.1413910000 875.0983570000
2460941.1793109998 1.0003924632 0.0027289033 1.4358950000 -0.0335455001 0.0011253006 1164.0338960000 875.6634570000
2460941.1795709999 0.9993947997 0.0027289033 1.4357450000 -0.0332855000 0.0011079245 1164.2863190000 875.6698770000
2460941.1798310000 1.0026812208 0.0027289033 1.4355960000 -0.0330254999 0.0010906836 1166.9134850000 875.9471230000
2460941.1800890001 1.0042584095 0.0027289033 1.4354510000 -0.0327674998 0.0010737090 1166.6870410000 876.1539690000
2460941.1803460000 1.0034294685 0.0027289033 1.4353070000 -0.0325104999 0.0010569326 1166.9528920000 876.3060750000
2460941.1806020001 1.0036128625 0.0027289033 1.4351640000 -0.0322544998 0.0010403528 1166.7579170000 876.0730710000
2460941.1808600002 1.0074054512 0.0027289033 1.4350230000 -0.0319964997 0.0010237760 1165.8067320000 875.9124950000
2460941.1811170001 1.0041923877 0.0027289033 1.4348830000 -0.0317394999 0.0010073959 1164.7844200000 875.2141460000
2460941.1813730001 1.0002530838 0.0027289033 1.4347450000 -0.0314834998 0.0009912108 1165.2345340000 875.1455340000
2460941.1816300000 1.0034514758 0.0027289033 1.4346080000 -0.0312264999 0.0009750943 1165.4208490000 874.8614240000
2460941.1818880001 1.0020943599 0.0027289033 1.4344720000 -0.0309684998 0.0009590480 1165.2265140000 874.7058390000
2460941.1821450000 0.9973407865 0.0027289033 1.4343380000 -0.0307115000 0.0009431962 1164.6171860000 875.4176950000
2460941.1824019998 1.0005318427 0.0027289033 1.4342050000 -0.0304545001 0.0009274766 1163.3094450000 874.2481690000
2460941.1826590002 1.0010966963 0.0027289033 1.4340730000 -0.0301974998 0.0009118890 1162.8404810000 873.9672950000
2460941.1829160000 0.9990866977 0.0027289033 1.4339430000 -0.0299404999 0.0008964335 1162.9320220000 873.8114110000
2460941.1831729999 0.9980156765 0.0027289033 1.4338140000 -0.0296835001 0.0008811102 1162.3371140000 873.4213580000
2460941.1834290000 1.0020870241 0.0027289033 1.4336870000 -0.0294275000 0.0008659778 1163.1004650000 873.7992630000
2460941.1836870001 0.9982577567 0.0027289033 1.4335610000 -0.0291694999 0.0008508597 1165.1344490000 876.1585800000
2460941.1839439999 0.9965191812 0.0027289033 1.4334360000 -0.0289125000 0.0008359327 1165.8587810000 876.9156890000
2460941.1842020000 0.9981623918 0.0027289033 1.4333120000 -0.0286544999 0.0008210804 1165.4941750000 877.1111440000
2460941.1844589999 0.9955948752 0.0027289033 1.4331900000 -0.0283975000 0.0008064180 1166.5514330000 876.7619120000
2460941.1847160002 0.9975681951 0.0027289033 1.4330690000 -0.0281404997 0.0007918877 1165.6828630000 875.4053180000
2460941.1849730001 1.0002970983 0.0027289033 1.4329500000 -0.0278834999 0.0007774896 1164.9014280000 874.4695870000
2460941.1852299999 0.9999963321 0.0027289033 1.4328320000 -0.0276265000 0.0007632235 1165.0059980000 874.2562980000
2460941.1854860000 1.0015368420 0.0027289033 1.4327150000 -0.0273704999 0.0007491443 1164.7719660000 875.4748980000
2460941.1857429999 1.0014634844 0.0027289033 1.4326000000 -0.0271135001 0.0007351419 1163.9674740000 876.0267880000
2460941.1860000002 0.9991747268 0.0027289033 1.4324860000 -0.0268564997 0.0007212716 1164.0849460000 876.5068120000
2460941.1862559998 0.9969739984 0.0027289033 1.4323740000 -0.0266005001 0.0007075866 1165.6345430000 874.9300330000
2460941.1865130002 1.0075081519 0.0027289033 1.4322630000 -0.0263434998 0.0006939800 1166.0633010000 874.5309740000
2460941.1867700000 1.0003924632 0.0027289033 1.4321530000 -0.0260864999 0.0006805055 1165.0378630000 875.9411320000
2460941.1870269999 0.9983384500 0.0027289033 1.4320450000 -0.0258295001 0.0006671631 1166.7453660000 875.7268340000
2460941.1872840002 0.9987492527 0.0027289033 1.4319370000 -0.0255724997 0.0006539527 1167.9058110000 875.4647730000
2460941.1875410001 0.9980083408 0.0027289033 1.4318320000 -0.0253154999 0.0006408745 1166.7756380000 875.7391620000
2460941.1877979999 0.9996588871 0.0027289033 1.4317270000 -0.0250585000 0.0006279284 1166.1439850000 875.4929300000
2460941.1880549998 0.9954188170 0.0027289033 1.4316240000 -0.0248015001 0.0006151144 1166.2150400000 873.9100910000
2460941.1883120001 0.9955581964 0.0027289033 1.4315220000 -0.0245444998 0.0006024325 1167.5023750000 872.9917340000
2460941.1885690000 1.0018229367 0.0027289033 1.4314220000 -0.0242875000 0.0005898827 1168.2813070000 873.4848040000
2460941.1888259999 1.0000623540 0.0027289033 1.4313230000 -0.0240305001 0.0005774649 1167.1598110000 873.6005330000
2460941.1890819999 0.9978762971 0.0027289033 1.4312260000 -0.0237745000 0.0005652269 1166.5297960000 874.6911050000
2460941.1893389998 0.9999449818 0.0027289033 1.4311290000 -0.0235175001 0.0005530728 1167.8180730000 875.7589970000
2460941.1895960001 0.9989766613 0.0027289033 1.4310340000 -0.0232604998 0.0005410509 1169.9550130000 876.8178550000
2460941.1898530000 1.0010086672 0.0027289033 1.4309410000 -0.0230035000 0.0005291610 1170.3258240000 875.7989960000
2460941.1901099999 0.9960643640 0.0027289033 1.4308480000 -0.0227465001 0.0005174033 1168.0848610000 874.6527240000
2460941.1903680000 0.9994094712 0.0027289033 1.4307570000 -0.0224885000 0.0005057326 1166.9034810000 872.5485490000
2460941.1906249998 0.9978249467 0.0027289033 1.4306680000 -0.0222315001 0.0004942396 1166.4002930000 870.9790560000
2460941.1908809999 0.9993214421 0.0027289033 1.4305800000 -0.0219755000 0.0004829226 1165.8974250000 870.1230510000
2460941.1911380002 1.0011920612 0.0027289033 1.4304930000 -0.0217184997 0.0004716932 1165.9120750000 871.2651160000
2460941.1913950001 1.0014194698 0.0027289033 1.4304080000 -0.0214614999 0.0004605960 1166.0426850000 872.7187590000
2460941.1916520000 1.0001283758 0.0027289033 1.4303230000 -0.0212045000 0.0004496308 1166.7603260000 872.7349800000
2460941.1919089998 0.9956535613 0.0027289033 1.4302410000 -0.0209475001 0.0004387978 1166.6828070000 872.3368500000
2460941.1921660001 1.0011773897 0.0027289033 1.4301590000 -0.0206904998 0.0004280968 1165.4958350000 871.8665950000
2460941.1924230000 0.9950153501 0.0027289033 1.4300790000 -0.0204334999 0.0004175279 1164.9764870000 871.7731290000
2460941.1926799999 0.9973994726 0.0027289033 1.4300000000 -0.0201765001 0.0004070912 1166.4043350000 872.6213190000
2460941.1929370002 1.0001210401 0.0027289033 1.4299230000 -0.0199194998 0.0003967865 1167.3758450000 871.6328960000
2460941.1931940001 0.9973701295 0.0027289033 1.4298470000 -0.0196624999 0.0003866139 1167.2676700000 871.5651080000
2460941.1934509999 0.9953454593 0.0027289033 1.4297720000 -0.0194055000 0.0003765734 1165.6530280000 871.9366920000
2460941.1937079998 0.9965045097 0.0027289033 1.4296990000 -0.0191485002 0.0003666651 1164.3015220000 871.8363540000
2460941.1939650001 0.9987492527 0.0027289033 1.4296270000 -0.0188914998 0.0003568888 1164.8642100000 870.8374080000
2460941.1942220000 0.9991087050 0.0027289033 1.4295560000 -0.0186345000 0.0003472446 1164.6207230000 869.7037580000
2460941.1944789998 0.9946485620 0.0027289033 1.4294870000 -0.0183775001 0.0003377325 1164.4344900000 868.4329860000
2460941.1947360002 1.0010526818 0.0027289033 1.4294190000 -0.0181204998 0.0003283525 1165.4268000000 869.5227710000
2460941.1949930000 0.9974948375 0.0027289033 1.4293520000 -0.0178634999 0.0003191046 1164.8163080000 868.9176710000
2460941.1952510001 0.9986832308 0.0027289033 1.4292870000 -0.0176054998 0.0003099536 1163.8337030000 870.0800050000
2460941.1955070002 0.9976635600 0.0027289033 1.4292230000 -0.0173494997 0.0003010051 1164.0306470000 871.3361930000
2460941.1957640001 0.9942744382 0.0027289033 1.4291600000 -0.0170924999 0.0002921536 1165.4716090000 871.8668210000
2460941.1960209999 0.9963798017 0.0027289033 1.4290990000 -0.0168355000 0.0002834341 1166.2027360000 871.7374700000
2460941.1962779998 1.0011553824 0.0027289033 1.4290390000 -0.0165785002 0.0002748467 1166.7035000000 869.9386100000
2460941.1965359999 0.9945825402 0.0027289033 1.4289800000 -0.0163205001 0.0002663587 1165.6632800000 869.2010440000
2460941.1967930002 0.9957489262 0.0027289033 1.4289230000 -0.0160634997 0.0002580360 1164.5991180000 871.0034390000
2460941.1970500001 0.9926972495 0.0027289033 1.4288680000 -0.0158064999 0.0002498454 1163.5188740000 870.2182500000
2460941.1973060002 0.9994388142 0.0027289033 1.4288130000 -0.0155504998 0.0002418180 1162.7730960000 869.9762990000
2460941.1975630000 0.9963137799 0.0027289033 1.4287600000 -0.0152934999 0.0002338911 1163.7433780000 869.1066850000
2460941.1978210001 0.9970473560 0.0027289033 1.4287080000 -0.0150354998 0.0002260663 1164.5895180000 868.4814040000
2460941.1980780000 0.9998129381 0.0027289033 1.4286570000 -0.0147785000 0.0002184041 1164.3965550000 868.5605540000
2460941.1983349998 0.9998422811 0.0027289033 1.4286080000 -0.0145215001 0.0002108740 1164.1453250000 868.2249140000
2460941.1985920002 0.9976342169 0.0027289033 1.4285610000 -0.0142644998 0.0002034760 1163.7408790000 867.2381230000
2460941.1988490000 0.9990573547 0.0027289033 1.4285140000 -0.0140074999 0.0001962101 1163.4062800000 866.2755130000
2460941.1991050001 1.0063124227 0.0027289033 1.4284690000 -0.0137514998 0.0001891037 1162.1255990000 866.1292610000
2460941.1993630002 0.9941277229 0.0027289033 1.4284250000 -0.0134934997 0.0001820745 1161.7877610000 865.7267240000
2460941.1996200001 0.9921764104 0.0027289033 1.4283830000 -0.0132364999 0.0001752049 1161.7154290000 866.6504800000
2460941.1998769999 0.9979716620 0.0027289033 1.4283420000 -0.0129795000 0.0001684674 1161.6907780000 867.9981250000
2460941.2001339998 0.9950667004 0.0027289033 1.4283020000 -0.0127225001 0.0001618620 1162.0069430000 869.4870670000
2460941.2003910001 0.9978983043 0.0027289033 1.4282640000 -0.0124654998 0.0001553887 1162.3209480000 869.3437020000
2460941.2006480000 1.0002384122 0.0027289033 1.4282270000 -0.0122084999 0.0001490475 1161.2689940000 868.1386050000
2460941.2009049999 0.9935115190 0.0027289033 1.4281910000 -0.0119515001 0.0001428384 1160.5973270000 866.9128750000
2460941.2011630000 0.9940763726 0.0027289033 1.4281570000 -0.0116935000 0.0001367379 1160.4940170000 866.6020140000
2460941.2014190000 1.0005318427 0.0027289033 1.4281240000 -0.0114374999 0.0001308164 1161.0393450000 865.5294240000
2460941.2016759999 0.9921397316 0.0027289033 1.4280920000 -0.0111805000 0.0001250036 1160.9842010000 865.3778910000
2460941.2019329998 0.9963211156 0.0027289033 1.4280620000 -0.0109235002 0.0001193229 1160.7550450000 865.3960780000
2460941.2021900001 1.0007519156 0.0027289033 1.4280330000 -0.0106664998 0.0001137742 1160.7147710000 866.0473220000
2460941.2024470000 0.9952427587 0.0027289033 1.4280050000 -0.0104095000 0.0001083577 1160.5055600000 867.0070980000
2460941.2027039998 0.9958516269 0.0027289033 1.4279790000 -0.0101525001 0.0001030733 1160.1039300000 867.5081770000
2460941.2029619999 0.9930200230 0.0027289033 1.4279540000 -0.0098945000 0.0000979011 1159.1479810000 867.6007840000
2460941.2032189998 0.9942671024 0.0027289033 1.4279300000 -0.0096375002 0.0000928814 1160.0896430000 867.9799890000
2460941.2034760001 0.9924551693 0.0027289033 1.4279080000 -0.0093804998 0.0000879938 1161.4277590000 867.9990470000
2460941.2037330000 0.9952574302 0.0027289033 1.4278870000 -0.0091235000 0.0000832383 1161.9713920000 866.8970610000
2460941.2039899998 1.0005758573 0.0027289033 1.4278680000 -0.0088665001 0.0000786148 1161.7459040000 866.4397610000
2460941.2042470002 0.9971280494 0.0027289033 1.4278500000 -0.0086094998 0.0000741235 1161.8789040000 865.7021350000
2460941.2045049998 0.9994168070 0.0027289033 1.4278330000 -0.0083515001 0.0000697476 1160.9306930000 865.5311670000
2460941.2047609999 0.9980963699 0.0027289033 1.4278170000 -0.0080955001 0.0000655371 1159.3090480000 865.5602910000
2460941.2050180002 0.9973921368 0.0027289033 1.4278030000 -0.0078384997 0.0000614421 1158.7018540000 866.2102750000
2460941.2052759998 0.9930640375 0.0027289033 1.4277900000 -0.0075805001 0.0000574640 1158.7850780000 866.2697820000
2460941.2055319999 0.9946192190 0.0027289033 1.4277790000 -0.0073245000 0.0000536483 1159.9662990000 865.8264580000
2460941.2057889998 0.9927412640 0.0027289033 1.4277690000 -0.0070675001 0.0000499496 1161.1918010000 865.6270380000
2460941.2060460001 0.9982357494 0.0027289033 1.4277600000 -0.0068104998 0.0000463829 1162.4014600000 866.5522870000
2460941.2063030000 0.9952207514 0.0027289033 1.4277520000 -0.0065535000 0.0000429484 1160.6630100000 866.4256580000
2460941.2065599998 0.9980303480 0.0027289033 1.4277460000 -0.0062965001 0.0000396459 1159.2795380000 865.5101760000
2460941.2068170002 0.9933061177 0.0027289033 1.4277410000 -0.0060394998 0.0000364756 1159.9357600000 864.5329020000
2460941.2070740000 0.9978029394 0.0027289033 1.4277380000 -0.0057824999 0.0000334373 1160.2974260000 863.5805740000
2460941.2073309999 0.9941057157 0.0027289033 1.4277360000 -0.0055255000 0.0000305312 1159.2639260000 862.4378010000
2460941.2075880002 0.9966585607 0.0027289033 1.4277350000 -0.0052684997 0.0000277571 1159.5475190000 862.5520950000
2460941.2078450001 0.9974288156 0.0027289033 1.4277360000 -0.0050114999 0.0000251151 1159.1831460000 863.2705660000
2460941.2081030002 0.9930200230 0.0027289033 1.4277380000 -0.0047534998 0.0000225958 1157.9545150000 864.4788810000
2460941.2083600000 0.9972821004 0.0027289033 1.4277410000 -0.0044964999 0.0000202185 1157.6919410000 865.3333680000
2460941.2086169999 0.9901223972 0.0027289033 1.4277460000 -0.0042395000 0.0000179734 1156.7943560000 864.4161060000
2460941.2088739998 0.9943477958 0.0027289033 1.4277520000 -0.0039825002 0.0000158603 1157.2322420000 863.8685230000
2460941.2091299999 0.9971133779 0.0027289033 1.4277590000 -0.0037265001 0.0000138868 1158.8318900000 863.8429600000
2460941.2093870002 0.9980816984 0.0027289033 1.4277670000 -0.0034694998 0.0000120374 1159.9972980000 863.4596380000
2460941.2096440000 0.9954995103 0.0027289033 1.4277770000 -0.0032124999 0.0000103202 1159.4917190000 862.6660450000
2460941.2099020001 1.0014414771 0.0027289033 1.4277890000 -0.0029544998 0.0000087291 1159.1428590000 862.4868730000
2460941.2101599998 1.0000183394 0.0027289033 1.4278020000 -0.0026965002 0.0000072711 1159.6316850000 861.4915060000
2460941.2104170001 0.9929466653 0.0027289033 1.4278160000 -0.0024394998 0.0000059512 1159.9359170000 861.7766150000
2460941.2106740000 0.9945385256 0.0027289033 1.4278310000 -0.0021825000 0.0000047633 1159.6574290000 860.5098660000
2460941.2109309998 0.9960350209 0.0027289033 1.4278480000 -0.0019255001 0.0000037076 1160.0237710000 859.2570230000
2460941.2111880002 0.9996368798 0.0027289033 1.4278660000 -0.0016684998 0.0000027839 1160.2099150000 859.7431870000
2460941.2114439998 0.9954848388 0.0027289033 1.4278850000 -0.0014125002 0.0000019952 1159.3154270000 861.0163150000
2460941.2117010001 1.0032534102 0.0027289033 1.4279060000 -0.0011554998 0.0000013352 1158.8214190000 861.5816430000
2460941.2119570002 0.9997395805 0.0027289033 1.4279280000 -0.0008994997 0.0000008091 1158.2861950000 861.4064840000
2460941.2122140001 0.9970326845 0.0027289033 1.4279510000 -0.0006424999 0.0000004128 1157.8032190000 861.5762070000
2460941.2124709999 0.9962257507 0.0027289033 1.4279760000 -0.0003855000 0.0000001486 1158.4457330000 862.3684020000
2460941.2127279998 1.0000256752 0.0027289033 1.4280020000 -0.0001285002 0.0000000165 1159.2441970000 862.0053490000
2460941.2129850001 0.9942964455 0.0027289033 1.4280290000 0.0001285002 0.0000000165 1159.6888690000 860.7622230000
2460941.2132420000 0.9998862957 0.0027289033 1.4280580000 0.0003855000 0.0000001486 1159.5951430000 860.1513180000
2460941.2134989998 0.9961817362 0.0027289033 1.4280880000 0.0006424999 0.0000004128 1159.0352350000 860.6101140000
2460941.2137560002 0.9965485242 0.0027289033 1.4281200000 0.0008995002 0.0000008091 1157.8580250000 860.3951590000
2460941.2140130000 0.9954261527 0.0027289033 1.4281530000 0.0011565001 0.0000013375 1156.0073150000 861.5828490000
2460941.2142710001 0.9965852030 0.0027289033 1.4281870000 0.0014145002 0.0000020008 1156.1601650000 862.6834140000
2460941.2145280000 1.0007592513 0.0027289033 1.4282230000 0.0016715000 0.0000027939 1157.2660970000 862.1000470000
2460941.2147849998 0.9996002010 0.0027289033 1.4282590000 0.0019284999 0.0000037191 1157.4735520000 859.8551300000
2460941.2150420002 0.9973921368 0.0027289033 1.4282980000 0.0021855002 0.0000047764 1157.2995020000 857.9226760000
2460941.2152990000 0.9999156387 0.0027289033 1.4283370000 0.0024425001 0.0000059658 1157.3206880000 857.7327660000
2460941.2155559999 1.0039723148 0.0027289033 1.4283780000 0.0026994999 0.0000072873 1157.0438650000 857.3989620000
2460941.2158130002 1.0018669513 0.0027289033 1.4284200000 0.0029565003 0.0000087409 1156.9230050000 857.1470810000
2460941.2160700001 1.0002970983 0.0027289033 1.4284640000 0.0032135001 0.0000103266 1155.8476300000 857.3375390000
2460941.2163269999 0.9977075745 0.0027289033 1.4285090000 0.0034705000 0.0000120444 1153.6857430000 857.7360630000
2460941.2165839998 0.9963798017 0.0027289033 1.4285550000 0.0037274999 0.0000138943 1152.4649670000 857.7756210000
2460941.2168419999 0.9978689613 0.0027289033 1.4286030000 0.0039855000 0.0000158842 1153.2079450000 858.8475610000
2460941.2170980000 1.0000036679 0.0027289033 1.4286520000 0.0042415000 0.0000179903 1154.9327350000 858.3895140000
2460941.2173560001 0.9933354607 0.0027289033 1.4287020000 0.0044995002 0.0000202455 1155.4426150000 857.2092880000
2460941.2176130000 0.9994094712 0.0027289033 1.4287540000 0.0047565000 0.0000226243 1155.8695490000 856.8863500000
2460941.2178690000 0.9993361136 0.0027289033 1.4288070000 0.0050125001 0.0000251252 1155.9975170000 855.8260270000
2460941.2181259999 0.9956829044 0.0027289033 1.4288610000 0.0052695000 0.0000277676 1155.0594260000 856.8644910000
2460941.2183830002 0.9996735586 0.0027289033 1.4289170000 0.0055265003 0.0000305422 1155.4840630000 857.5656130000
2460941.2186409999 0.9993727924 0.0027289033 1.4289740000 0.0057844999 0.0000334604 1155.8334380000 857.1828380000
2460941.2188970000 0.9975828666 0.0027289033 1.4290320000 0.0060405000 0.0000364876 1155.6991370000 856.9995620000
2460941.2191539998 0.9943844746 0.0027289033 1.4290920000 0.0062974999 0.0000396585 1156.2423240000 856.7066040000
2460941.2194119999 1.0015735208 0.0027289033 1.4291530000 0.0065555000 0.0000429746 1157.5890990000 856.4089660000
2460941.2196680000 0.9975461878 0.0027289033 1.4292150000 0.0068115001 0.0000463965 1156.7816990000 856.7272840000
2460941.2199249999 0.9984484864 0.0027289033 1.4292790000 0.0070684999 0.0000499637 1154.0761680000 858.0088480000
2460941.2201830000 0.9973701295 0.0027289033 1.4293440000 0.0073265000 0.0000536776 1152.9286190000 859.1720680000
2460941.2204399998 0.9972674289 0.0027289033 1.4294110000 0.0075834999 0.0000575095 1153.4873290000 858.3273710000
2460941.2206959999 0.9969299838 0.0027289033 1.4294780000 0.0078395000 0.0000614578 1154.6656930000 856.7426640000
2460941.2209540000 0.9937756064 0.0027289033 1.4295480000 0.0080975001 0.0000655695 1155.9113220000 856.2912840000
2460941.2212109999 0.9963431229 0.0027289033 1.4296180000 0.0083544999 0.0000697977 1156.6557040000 857.1153740000
2460941.2214680002 1.0046178618 0.0027289033 1.4296900000 0.0086115003 0.0000741579 1156.8061340000 856.7153430000
2460941.2217250001 1.0024904910 0.0027289033 1.4297630000 0.0088685001 0.0000786503 1156.4069780000 856.7790880000
2460941.2219819999 0.9983531215 0.0027289033 1.4298380000 0.0091255000 0.0000832747 1155.4909510000 856.0349680000
2460941.2222389998 1.0028132645 0.0027289033 1.4299140000 0.0093824998 0.0000880313 1154.7096590000 856.2007220000
2460941.2224960001 0.9997469162 0.0027289033 1.4299910000 0.0096395002 0.0000929200 1154.6949950000 855.8960180000
2460941.2227530000 0.9984851653 0.0027289033 1.4300690000 0.0098965000 0.0000979407 1154.7607640000 855.1918470000
2460941.2230099998 1.0004804924 0.0027289033 1.4301490000 0.0101534999 0.0001030936 1156.2597600000 855.4630860000
2460941.2232659999 1.0025711844 0.0027289033 1.4302310000 0.0104095000 0.0001083577 1156.5232720000 857.5776750000
2460941.2235229998 1.0001430473 0.0027289033 1.4303130000 0.0106664998 0.0001137742 1156.0835350000 858.5627080000
2460941.2237800001 0.9967832686 0.0027289033 1.4303970000 0.0109235002 0.0001193229 1155.6860830000 857.5787750000
2460941.2240370000 1.0021897248 0.0027289033 1.4304820000 0.0111805000 0.0001250036 1156.4354270000 855.5264770000
2460941.2242939998 1.0022630824 0.0027289033 1.4305690000 0.0114374999 0.0001308164 1156.0550730000 853.2833390000
2460941.2245510002 0.9972894361 0.0027289033 1.4306570000 0.0116945002 0.0001367613 1156.4536620000 853.3821100000
2460941.2248080000 1.0052120585 0.0027289033 1.4307460000 0.0119515001 0.0001428384 1155.2471950000 852.9667260000
2460941.2250649999 1.0005024997 0.0027289033 1.4308370000 0.0122084999 0.0001490475 1154.4680610000 852.3384350000
2460941.2253220002 0.9962991083 0.0027289033 1.4309290000 0.0124655003 0.0001553887 1154.6201170000 852.6779130000
2460941.2255779998 0.9966879037 0.0027289033 1.4310230000 0.0127214999 0.0001618366 1154.5823130000 852.8154890000
2460941.2258350002 0.9980010050 0.0027289033 1.4311170000 0.0129785002 0.0001684415 1153.6371930000 851.7935740000
2460941.2260920000 1.0020943599 0.0027289033 1.4312130000 0.0132355001 0.0001751785 1152.2834490000 851.9749880000
2460941.2263489999 0.9923157899 0.0027289033 1.4313110000 0.0134924999 0.0001820476 1152.2529690000 854.1087630000
2460941.2266060002 1.0004951639 0.0027289033 1.4314100000 0.0137495003 0.0001890488 1153.0536370000 856.6040040000
2460941.2268619998 1.0018742871 0.0027289033 1.4315100000 0.0140054999 0.0001961540 1154.6819990000 855.3675160000
2460941.2271199999 0.9989986686 0.0027289033 1.4316110000 0.0142635000 0.0002034474 1155.3781850000 853.0089270000
2460941.2273769998 1.0017129003 0.0027289033 1.4317140000 0.0145204999 0.0002108449 1155.8980350000 852.4419860000
2460941.2276329999 0.9989913328 0.0027289033 1.4318180000 0.0147764999 0.0002183450 1155.8656850000 852.8150650000
2460941.2278900002 1.0053661095 0.0027289033 1.4319240000 0.0150335003 0.0002260061 1156.1807690000 852.5493710000
2460941.2281479998 1.0040676797 0.0027289033 1.4320310000 0.0152914999 0.0002338300 1155.8564750000 851.7346610000
2460941.2284050002 0.9990720262 0.0027289033 1.4321390000 0.0155485002 0.0002417559 1155.2550610000 850.6171450000
2460941.2286609998 0.9965485242 0.0027289033 1.4322490000 0.0158044999 0.0002497822 1154.2062100000 850.1098750000
2460941.2289180001 1.0005978646 0.0027289033 1.4323600000 0.0160615002 0.0002579718 1153.8318120000 850.0822530000
2460941.2291750000 0.9965118454 0.0027289033 1.4324720000 0.0163185000 0.0002662934 1153.8594640000 850.4578940000
2460941.2294319998 0.9988226103 0.0027289033 1.4325860000 0.0165754999 0.0002747472 1154.4428680000 850.7340200000
2460941.2296890002 0.9983384500 0.0027289033 1.4327010000 0.0168325002 0.0002833331 1153.7743430000 849.9295450000
2460941.2299449998 0.9946045474 0.0027289033 1.4328170000 0.0170884999 0.0002920168 1154.8630600000 850.3450490000
2460941.2302029999 0.9942010806 0.0027289033 1.4329350000 0.0173465000 0.0003009011 1154.9983040000 851.4264670000
2460941.2304600002 0.9978029394 0.0027289033 1.4330540000 0.0176035003 0.0003098832 1154.8566120000 852.1722010000
2460941.2307159998 1.0032754175 0.0027289033 1.4331750000 0.0178594999 0.0003189617 1154.0650740000 852.4271730000
2460941.2309739999 0.9988959679 0.0027289033 1.4332970000 0.0181175000 0.0003282438 1153.6672630000 850.9386530000
2460941.2312309998 1.0005685215 0.0027289033 1.4334200000 0.0183744999 0.0003376222 1153.4520790000 849.8227550000
2460941.2314880001 1.0000990328 0.0027289033 1.4335450000 0.0186315002 0.0003471328 1153.2001140000 849.0052660000
2460941.2317440002 0.9951400580 0.0027289033 1.4336710000 0.0188875003 0.0003567377 1153.6420030000 848.3445740000
2460941.2320010001 1.0038329354 0.0027289033 1.4337980000 0.0191445001 0.0003665119 1152.2525660000 848.8717650000
2460941.2322579999 1.0044344678 0.0027289033 1.4339260000 0.0194015000 0.0003764182 1152.0906870000 850.5883110000
2460941.2325149998 1.0012287400 0.0027289033 1.4340570000 0.0196584999 0.0003864566 1153.2271900000 850.8006870000
2460941.2327720001 1.0031213665 0.0027289033 1.4341880000 0.0199155002 0.0003966271 1152.6724580000 849.9398990000
2460941.2330290000 0.9947732700 0.0027289033 1.4343210000 0.0201725001 0.0004069298 1151.2303450000 847.9894660000
2460941.2332859999 0.9991820626 0.0027289033 1.4344550000 0.0204294999 0.0004173645 1151.6895980000 846.9393950000
2460941.2335430002 0.9965925388 0.0027289033 1.4345900000 0.0206865002 0.0004279313 1153.3037110000 845.0782480000
2460941.2337989998 0.9977735964 0.0027289033 1.4347270000 0.0209424999 0.0004385883 1153.7773020000 845.4989430000
2460941.2340560001 0.9952427587 0.0027289033 1.4348650000 0.0211995002 0.0004494188 1152.9314490000 846.0094720000
2460941.2343130000 0.9978029394 0.0027289033 1.4350040000 0.0214565000 0.0004603814 1151.9546240000 846.7352160000
2460941.2345710001 0.9987712600 0.0027289033 1.4351460000 0.0217145002 0.0004715195 1150.6704930000 846.6954870000
2460941.2348270002 1.0003997990 0.0027289033 1.4352880000 0.0219705002 0.0004827029 1150.7870860000 846.2057520000
2460941.2350849998 0.9985291798 0.0027289033 1.4354320000 0.0222284999 0.0004941062 1151.5887640000 846.8954220000
2460941.2353420001 1.0001797262 0.0027289033 1.4355770000 0.0224855002 0.0005055977 1151.4694490000 846.5404810000
2460941.2355990000 0.9922277607 0.0027289033 1.4357240000 0.0227425001 0.0005172213 1151.3915410000 845.8652340000
2460941.2358559999 0.9975241805 0.0027289033 1.4358710000 0.0229994999 0.0005289770 1151.7503110000 844.9687300000
2460941.2361120000 0.9965631958 0.0027289033 1.4360200000 0.0232555000 0.0005408183 1151.8319470000 846.1110080000
2460941.2363689998 0.9975095090 0.0027289033 1.4361700000 0.0235124999 0.0005528377 1152.6379800000 846.7887960000
2460941.2366260001 0.9991747268 0.0027289033 1.4363220000 0.0237695002 0.0005649891 1153.0188690000 846.4123890000
2460941.2368820002 0.9917142574 0.0027289033 1.4364750000 0.0240255003 0.0005772247 1153.1020170000 845.7826560000
2460941.2371390001 1.0012800904 0.0027289033 1.4366300000 0.0242825001 0.0005896398 1153.8296740000 844.4855140000
2460941.2373960000 0.9969519911 0.0027289033 1.4367850000 0.0245395000 0.0006021871 1153.7517340000 843.6034890000
2460941.2376529998 0.9934895117 0.0027289033 1.4369430000 0.0247964999 0.0006148664 1154.3188040000 842.8660310000
2460941.2379100001 0.9935481978 0.0027289033 1.4371010000 0.0250535002 0.0006276779 1154.1446660000 843.1090060000
2460941.2381679998 1.0004144705 0.0027289033 1.4372620000 0.0253114998 0.0006406720 1154.4225970000 843.1025550000
2460941.2384250001 0.9975241805 0.0027289033 1.4374230000 0.0255685002 0.0006537482 1152.9968060000 843.9569180000
2460941.2386810002 0.9964311520 0.0027289033 1.4375860000 0.0258245002 0.0006669048 1151.4142290000 844.4816690000
2460941.2389380001 0.9951400580 0.0027289033 1.4377500000 0.0260815001 0.0006802446 1150.8839450000 844.9280290000
2460941.2391949999 0.9968859693 0.0027289033 1.4379160000 0.0263385000 0.0006937166 1151.6459790000 845.3355690000
2460941.2394519998 0.9957856050 0.0027289033 1.4380820000 0.0265954998 0.0007073206 1150.9379670000 846.8198020000
2460941.2397090001 0.9950153501 0.0027289033 1.4382510000 0.0268525002 0.0007210568 1151.1365840000 846.8076120000
2460941.2399660000 1.0072587360 0.0027289033 1.4384210000 0.0271095000 0.0007349250 1152.6388040000 846.5727950000
2460941.2402229998 0.9935555335 0.0027289033 1.4385920000 0.0273664999 0.0007489253 1153.5266590000 845.2797060000
2460941.2404800002 0.9977589249 0.0027289033 1.4387640000 0.0276235002 0.0007630578 1154.5777230000 844.5888550000
2460941.2407359998 0.9984778295 0.0027289033 1.4389380000 0.0278794998 0.0007772665 1154.5486000000 844.6804910000
2460941.2409939999 0.9938269567 0.0027289033 1.4391130000 0.0281374999 0.0007917189 1153.8287450000 845.0436940000
2460941.2412510002 0.9935115190 0.0027289033 1.4392900000 0.0283945003 0.0008062476 1153.5578370000 845.1408230000
2460941.2415080001 0.9943698031 0.0027289033 1.4394680000 0.0286515001 0.0008209085 1152.2137860000 845.1582440000
2460941.2417649999 0.9963871375 0.0027289033 1.4396470000 0.0289085000 0.0008357014 1151.8984050000 844.3867160000
2460941.2420219998 0.9929980157 0.0027289033 1.4398280000 0.0291654998 0.0008506264 1151.6708870000 844.8950950000
2460941.2422790001 0.9935188547 0.0027289033 1.4400100000 0.0294225002 0.0008656835 1152.1164410000 845.6199430000
2460941.2425350002 0.9964825024 0.0027289033 1.4401920000 0.0296785003 0.0008808134 1152.3265480000 845.8762020000
2460941.2427920001 0.9917876150 0.0027289033 1.4403770000 0.0299355001 0.0008961342 1153.0520010000 844.7143290000
2460941.2430480001 0.9981037057 0.0027289033 1.4405630000 0.0301915002 0.0009115267 1152.7597990000 842.4010280000
2460941.2433050000 0.9906725793 0.0027289033 1.4407510000 0.0304485001 0.0009271112 1154.2755460000 840.7484470000
2460941.2435619999 0.9936802415 0.0027289033 1.4409400000 0.0307054999 0.0009428277 1154.8701930000 840.1060540000
2460941.2438190002 0.9948979779 0.0027289033 1.4411300000 0.0309625003 0.0009586764 1155.3884370000 839.4993110000
2460941.2440760001 0.9965338527 0.0027289033 1.4413210000 0.0312195001 0.0009746572 1153.1111990000 839.9923210000
2460941.2443320001 0.9988886321 0.0027289033 1.4415140000 0.0314755002 0.0009907071 1151.9512570000 840.7453460000
2460941.2445890000 0.9920810455 0.0027289033 1.4417090000 0.0317325001 0.0010069516 1151.6693550000 841.4701830000
2460941.2448459999 0.9942964455 0.0027289033 1.4419040000 0.0319894999 0.0010233281 1152.8973230000 840.7676420000
2460941.2451030002 0.9996515513 0.0027289033 1.4421010000 0.0322465003 0.0010398368 1152.4938470000 839.9229640000
2460941.2453600001 0.9962550938 0.0027289033 1.4423010000 0.0325035001 0.0010564775 1153.2503400000 839.3293030000
2460941.2456180002 0.9979496547 0.0027289033 1.4425010000 0.0327615002 0.0010733159 1152.5056390000 839.6827610000
2460941.2458750000 0.9987785957 0.0027289033 1.4427020000 0.0330185001 0.0010902213 1151.6330630000 840.7783450000
2460941.2461310001 0.9895575435 0.0027289033 1.4429050000 0.0332745002 0.0011071924 1151.7989230000 843.4789490000
2460941.2463880000 0.9933794753 0.0027289033 1.4431090000 0.0335315000 0.0011243615 1151.4402390000 844.0182040000
2460941.2466449998 0.9961083785 0.0027289033 1.4433140000 0.0337884999 0.0011416627 1150.9497830000 842.8192090000
2460941.2469020002 0.9953014448 0.0027289033 1.4435210000 0.0340455002 0.0011590961 1151.3914630000 841.9937680000
2460941.2471590000 0.9958883057 0.0027289033 1.4437300000 0.0343025001 0.0011766615 1152.7749820000 840.8436160000
2460941.2474159999 0.9947732700 0.0027289033 1.4439400000 0.0345594999 0.0011943590 1153.5188920000 840.6322320000
2460941.2476730002 0.9975608593 0.0027289033 1.4441510000 0.0348165003 0.0012121887 1154.7566690000 840.1948970000
2460941.2479300001 0.9959323203 0.0027289033 1.4443630000 0.0350735001 0.0012301504 1155.1797730000 840.3323050000
2460941.2481869999 0.9949639998 0.0027289033 1.4445770000 0.0353305000 0.0012482442 1154.0889570000 839.7334210000
2460941.2484439998 0.9973041077 0.0027289033 1.4447930000 0.0355874998 0.0012664701 1154.0345000000 839.1646140000
2460941.2487010001 0.9954481600 0.0027289033 1.4450090000 0.0358445002 0.0012848282 1152.7162370000 838.2283010000
2460941.2489580000 0.9968346189 0.0027289033 1.4452280000 0.0361015000 0.0013033183 1153.0831250000 838.2953180000
2460941.2492149998 0.9934234898 0.0027289033 1.4454470000 0.0363584999 0.0013219405 1153.1326400000 838.4319100000
2460941.2494720002 0.9986392162 0.0027289033 1.4456680000 0.0366155002 0.0013406949 1153.3005780000 838.5212920000
2460941.2497290000 0.9956975759 0.0027289033 1.4458900000 0.0368725001 0.0013595813 1153.6141320000 837.7230960000
2460941.2499850001 0.9961890719 0.0027289033 1.4461130000 0.0371285002 0.0013785255 1154.5807850000 838.2436400000
2460941.2502420000 0.9924111548 0.0027289033 1.4463380000 0.0373855000 0.0013976756 1153.8431500000 839.4398860000
2460941.2504989998 0.9924625051 0.0027289033 1.4465650000 0.0376424999 0.0014169578 1152.6550640000 841.0978720000
2460941.2507569999 0.9990793619 0.0027289033 1.4467930000 0.0379005000 0.0014364479 1153.3831010000 841.6267080000
2460941.2510130000 0.9933574680 0.0027289033 1.4470220000 0.0381565001 0.0014559185 1153.4093480000 841.0061360000
2460941.2512699999 0.9919710091 0.0027289033 1.4472530000 0.0384134999 0.0014755970 1154.1482720000 838.7411480000
2460941.2515280000 0.9947732700 0.0027289033 1.4474850000 0.0386715000 0.0014954849 1154.3895260000 837.8473670000
2460941.2517840001 0.9957489262 0.0027289033 1.4477190000 0.0389275001 0.0015153503 1154.4072160000 836.7719520000
2460941.2520409999 0.9974361514 0.0027289033 1.4479530000 0.0391845000 0.0015354250 1154.4476720000 836.6214970000
2460941.2522979998 0.9976342169 0.0027289033 1.4481890000 0.0394414999 0.0015556319 1153.3702060000 836.0483230000
2460941.2525550001 1.0038916215 0.0027289033 1.4484270000 0.0396985002 0.0015759709 1152.7489080000 836.2216860000
2460941.2528120000 1.0018669513 0.0027289033 1.4486660000 0.0399555000 0.0015964420 1151.3253420000 837.8094420000
2460941.2530680001 0.9970546918 0.0027289033 1.4489060000 0.0402115001 0.0016169647 1151.9793750000 837.7760940000
2460941.2533249999 0.9920076879 0.0027289033 1.4491480000 0.0404685000 0.0016376995 1152.7615490000 836.7071600000
2460941.2535819998 0.9940030150 0.0027289033 1.4493910000 0.0407254999 0.0016585663 1153.4692030000 836.3713900000
2460941.2538390001 0.9969299838 0.0027289033 1.4496360000 0.0409825002 0.0016795653 1152.7530320000 836.0410870000
2460941.2540960000 0.9984484864 0.0027289033 1.4498820000 0.0412395000 0.0017006964 1152.1037510000 836.4817770000
2460941.2543529999 1.0010233387 0.0027289033 1.4501300000 0.0414964999 0.0017219595 1150.6769220000 835.9860350000
2460941.2546100002 0.9941790733 0.0027289033 1.4503780000 0.0417535002 0.0017433548 1152.6621260000 836.1044110000
2460941.2548670000 0.9962257507 0.0027289033 1.4506290000 0.0420105001 0.0017648821 1153.0431970000 837.0241490000
2460941.2551239999 0.9995928652 0.0027289033 1.4508800000 0.0422675000 0.0017865416 1153.3334860000 837.6154770000
2460941.2553810002 0.9918536369 0.0027289033 1.4511340000 0.0425245003 0.0018083331 1152.6171020000 838.2780930000
2460941.2556380001 0.9950667004 0.0027289033 1.4513880000 0.0427815001 0.0018302568 1153.1930180000 838.4545480000
2460941.2558960002 1.0010526818 0.0027289033 1.4516460000 0.0430395002 0.0018523986 1152.7532490000 838.1655130000
2460941.2561530001 0.9984411507 0.0027289033 1.4519030000 0.0432965001 0.0018745869 1151.4343420000 836.8103400000
2460941.2564099999 0.9938562998 0.0027289033 1.4521610000 0.0435535000 0.0018969074 1151.7171760000 835.1308000000
2460941.2566669998 1.0016982288 0.0027289033 1.4524220000 0.0438104998 0.0019193599 1151.9593820000 835.4239550000
2460941.2569229999 0.9978176110 0.0027289033 1.4526830000 0.0440664999 0.0019418564 1151.4028180000 835.1613090000
2460941.2571800002 1.0013754553 0.0027289033 1.4529460000 0.0443235002 0.0019645727 1151.3994900000 835.0364860000
2460941.2574379998 0.9982064063 0.0027289033 1.4532110000 0.0445814999 0.0019875101 1152.2889650000 834.5663680000
2460941.2576939999 0.9994681573 0.0027289033 1.4534770000 0.0448375000 0.0020104014 1152.7406180000 834.7180970000
2460941.2579509998 0.9998349454 0.0027289033 1.4537440000 0.0450944998 0.0020335139 1152.8435320000 834.0981870000
2460941.2582080001 1.0022337394 0.0027289033 1.4540130000 0.0453515002 0.0020567586 1154.3944070000 833.9612620000
2460941.2584660002 0.9966145461 0.0027289033 1.4542830000 0.0456095003 0.0020802265 1155.5867160000 833.8299840000
2460941.2587219998 1.0005245069 0.0027289033 1.4545550000 0.0458654999 0.0021036441 1155.7555510000 833.6565580000
2460941.2589790002 1.0037595778 0.0027289033 1.4548280000 0.0461225002 0.0021272850 1155.5163800000 833.1020140000
2460941.2592369998 0.9944284892 0.0027289033 1.4551030000 0.0463804998 0.0021511508 1155.1519210000 833.5918610000
2460941.2594929999 0.9952941090 0.0027289033 1.4553780000 0.0466364999 0.0021749631 1154.3650760000 834.2235120000
2460941.2597500002 0.9988666249 0.0027289033 1.4556550000 0.0468935003 0.0021990004 1155.2474340000 834.6207760000
2460941.2600070001 0.9989106394 0.0027289033 1.4559340000 0.0471505001 0.0022231697 1153.3328220000 834.0848390000
2460941.2602639999 0.9939369931 0.0027289033 1.4562140000 0.0474075000 0.0022474711 1152.8703820000 833.3369270000
2460941.2605209998 0.9985071725 0.0027289033 1.4564950000 0.0476644998 0.0022719045 1152.0173320000 832.9676560000
2460941.2607769999 0.9918389654 0.0027289033 1.4567780000 0.0479204999 0.0022963743 1152.1231600000 834.0015740000
2460941.2610350000 0.9981623918 0.0027289033 1.4570630000 0.0481785000 0.0023211679 1152.4897680000 835.0691570000
2460941.2612919998 1.0021237029 0.0027289033 1.4573490000 0.0484354999 0.0023459976 1153.2130240000 836.4978550000
2460941.2615479999 0.9929393296 0.0027289033 1.4576360000 0.0486915000 0.0023708622 1152.8248410000 836.3566490000
2460941.2618049998 0.9985145083 0.0027289033 1.4579240000 0.0489484998 0.0023959556 1152.5784340000 836.0884140000
2460941.2620620001 0.9920737097 0.0027289033 1.4582140000 0.0492055002 0.0024211812 1153.5225800000 836.5865110000
2460941.2623190000 0.9988519533 0.0027289033 1.4585060000 0.0494625000 0.0024465389 1153.4950250000 836.3387570000
2460941.2625759998 0.9924478336 0.0027289033 1.4587990000 0.0497194999 0.0024720287 1153.5853080000 836.3374310000
2460941.2628319999 1.0040456725 0.0027289033 1.4590920000 0.0499755000 0.0024975506 1153.1783480000 834.7463480000
2460941.2630889998 1.0025785202 0.0027289033 1.4593880000 0.0502324998 0.0025233040 1153.3011850000 834.6681850000
2460941.2633460001 0.9977222461 0.0027289033 1.4596860000 0.0504895002 0.0025491896 1153.3046940000 833.5072330000
2460941.2636040002 0.9992040699 0.0027289033 1.4599850000 0.0507475003 0.0025753088 1152.8203580000 833.3356850000
2460941.2638610001 0.9937976137 0.0027289033 1.4602860000 0.0510045001 0.0026014590 1152.3024730000 833.5169540000
2460941.2641179999 1.0038035923 0.0027289033 1.4605870000 0.0512615000 0.0026277414 1153.1556370000 834.2204440000
2460941.2643749998 0.9986465520 0.0027289033 1.4608900000 0.0515184999 0.0026541558 1153.1674170000 834.1939410000
2460941.2646320001 1.0018816228 0.0027289033 1.4611950000 0.0517755002 0.0026807024 1153.3668640000 834.3975860000
2460941.2648880002 1.0000183394 0.0027289033 1.4615000000 0.0520315003 0.0027072770 1154.6814020000 834.1633220000
2460941.2651450001 0.9984191434 0.0027289033 1.4618080000 0.0522885001 0.0027340872 1154.6333850000 834.9087350000
2460941.2654019999 1.0002164050 0.0027289033 1.4621160000 0.0525455000 0.0027610296 1154.0302940000 834.0129100000
2460941.2656589998 1.0044271320 0.0027289033 1.4624260000 0.0528024998 0.0027881040 1155.4638130000 832.1375460000
2460941.2659149999 0.9990206758 0.0027289033 1.4627380000 0.0530584999 0.0028152044 1155.5383190000 831.8047270000
2460941.2661730000 0.9943991461 0.0027289033 1.4630520000 0.0533165000 0.0028426492 1155.0252580000 832.0163020000
2460941.2664299998 1.0011040321 0.0027289033 1.4633670000 0.0535734999 0.0028701199 1154.1674310000 831.4467960000
2460941.2666870002 0.9999743248 0.0027289033 1.4636830000 0.0538305002 0.0028977228 1152.9767130000 831.7445780000
2460941.2669449998 1.0006638864 0.0027289033 1.4640010000 0.0540884999 0.0029255658 1154.3665440000 832.0013830000
2460941.2672020001 1.0036422056 0.0027289033 1.4643210000 0.0543455002 0.0029534334 1154.7260500000 832.0689570000
2460941.2674590000 1.0023437758 0.0027289033 1.4646410000 0.0546025001 0.0029814330 1155.6905030000 832.0941220000
2460941.2677159999 1.0036568771 0.0027289033 1.4649630000 0.0548594999 0.0030095647 1156.1836460000 831.2079350000
2460941.2679730002 1.0036935559 0.0027289033 1.4652860000 0.0551165002 0.0030378286 1155.1282520000 830.3480140000
2460941.2682289998 1.0081023485 0.0027289033 1.4656110000 0.0553724999 0.0030661137 1154.7010930000 829.9207940000
2460941.2684860001 1.0030113301 0.0027289033 1.4659370000 0.0556295002 0.0030946413 1154.6473980000 829.5914370000
2460941.2687439998 0.9994021354 0.0027289033 1.4662650000 0.0558874998 0.0031234126 1154.9876150000 830.7485360000
2460941.2690010001 1.0059382989 0.0027289033 1.4665950000 0.0561445002 0.0031522049 1153.6816970000 833.0266960000
2460941.2692580000 1.0072807433 0.0027289033 1.4669260000 0.0564015000 0.0031811292 1152.7652650000 834.7431070000
2460941.2695140000 1.0052193943 0.0027289033 1.4672560000 0.0566575001 0.0032100723 1152.4337750000 834.9615120000
2460941.2697709999 1.0024611480 0.0027289033 1.4675900000 0.0569145000 0.0032392603 1154.0899980000 834.6963820000
2460941.2700280002 1.0005245069 0.0027289033 1.4679240000 0.0571715003 0.0032685804 1154.2666590000 834.3994510000
2460941.2702850001 1.0080950128 0.0027289033 1.4682610000 0.0574285001 0.0032980326 1153.3103590000 833.6620430000
2460941.2705410002 1.0013387765 0.0027289033 1.4685990000 0.0576845002 0.0033275016 1152.0605970000 834.0768860000
2460941.2707980000 0.9991600553 0.0027289033 1.4689380000 0.0579415001 0.0033572174 1152.9298980000 833.7839550000
2460941.2710549999 1.0112640617 0.0027289033 1.4692790000 0.0581985000 0.0033870654 1154.1077300000 832.5316730000
2460941.2713120002 1.0049626426 0.0027289033 1.4696210000 0.0584555003 0.0034170455 1155.3197580000 832.8436410000
2460941.2715699999 1.0024538122 0.0027289033 1.4699660000 0.0587134999 0.0034472751 1156.2220700000 833.0921350000
2460941.2718270002 1.0037155632 0.0027289033 1.4703110000 0.0589705002 0.0034775199 1156.7202830000 832.7718480000
2460941.2720840001 1.0112860690 0.0027289033 1.4706580000 0.0592275001 0.0035078968 1155.9653560000 832.5237570000
2460941.2723400001 1.0054688102 0.0027289033 1.4710060000 0.0594835002 0.0035382868 1156.2320370000 831.9096480000
2460941.2725970000 1.0125844988 0.0027289033 1.4713550000 0.0597405001 0.0035689273 1156.2247320000 831.4955120000
2460941.2728550001 1.0114181127 0.0027289033 1.4717070000 0.0599985002 0.0035998200 1155.8142220000 832.2119580000
2460941.2731110002 1.0085865088 0.0027289033 1.4720600000 0.0602545002 0.0036306048 1156.7188980000 831.7721020000
2460941.2733680001 1.0057695764 0.0027289033 1.4724130000 0.0605115001 0.0036616416 1156.0918730000 832.5096520000
2460941.2736249999 1.0090853406 0.0027289033 1.4727690000 0.0607685000 0.0036928106 1154.4776030000 832.7045450000
2460941.2738819998 1.0111100107 0.0027289033 1.4731260000 0.0610254998 0.0037241116 1153.5763910000 832.5528770000
2460941.2741390001 1.0057769122 0.0027289033 1.4734840000 0.0612825002 0.0037555448 1153.2323190000 833.1950070000
2460941.2743950002 1.0062390651 0.0027289033 1.4738440000 0.0615385002 0.0037869870 1153.7657310000 833.3679400000
2460941.2746520001 1.0091440267 0.0027289033 1.4742050000 0.0617955001 0.0038186838 1154.0586910000 834.3255620000
2460941.2749089999 0.9998202738 0.0027289033 1.4745680000 0.0620525000 0.0038505128 1154.5754370000 834.4213850000
2460941.2751670000 1.0060630069 0.0027289033 1.4749330000 0.0623105001 0.0038825984 1155.4309150000 832.8628850000
2460941.2754230001 1.0067378969 0.0027289033 1.4752990000 0.0625665002 0.0039145669 1157.4575690000 832.3928880000
2460941.2756800000 1.0070826777 0.0027289033 1.4756660000 0.0628235000 0.0039467922 1158.1351720000 832.8605760000
2460941.2759380001 1.0053441022 0.0027289033 1.4760360000 0.0630815001 0.0039792757 1157.3698870000 833.4494570000
2460941.2761940002 0.9990720262 0.0027289033 1.4764060000 0.0633375002 0.0040116389 1156.4048360000 833.3249180000
2460941.2764519998 1.0106185147 0.0027289033 1.4767790000 0.0635954998 0.0040443876 1154.3902970000 831.7092080000
2460941.2767079999 1.0021897248 0.0027289033 1.4771510000 0.0638514999 0.0040770140 1153.6437470000 832.4914570000
2460941.2769650002 1.0043244314 0.0027289033 1.4775260000 0.0641085003 0.0041098998 1152.4159900000 832.4005670000
2460941.2772220001 1.0048966208 0.0027289033 1.4779020000 0.0643655001 0.0041429176 1152.8605600000 832.8154020000
2460941.2774789999 1.0065691744 0.0027289033 1.4782810000 0.0646225000 0.0041760675 1152.5723100000 832.1142230000
2460941.2777359998 1.0140883299 0.0027289033 1.4786600000 0.0648794998 0.0042093495 1154.1219170000 831.2003850000
2460941.2779939999 1.0075521664 0.0027289033 1.4790410000 0.0651374999 0.0042428939 1155.5944110000 830.9876250000
2460941.2782500000 1.0101563618 0.0027289033 1.4794230000 0.0653935000 0.0042763098 1156.3308860000 831.5742720000
2460941.2785069998 1.0156361756 0.0027289033 1.4798070000 0.0656504999 0.0043099881 1156.0295290000 832.2511990000
2460941.2787640002 1.0160396425 0.0027289033 1.4801920000 0.0659075002 0.0043437986 1156.3782510000 832.3996230000
2460941.2790210000 1.0062904155 0.0027289033 1.4805790000 0.0661645001 0.0043777411 1156.1480710000 831.8414690000
2460941.2792770001 0.9988152745 0.0027289033 1.4809670000 0.0664205002 0.0044116828 1155.2667290000 831.6229300000
